00000000000000000000000000000000000000000000000000000000000000000000000000000000000000000000000000000000000000000000000000000000
00000000000000000000000000000000000000000000000000000000000000000000000000000000000000000000000000000000000000000000000000000000
00000000000000000000000000000000000000000000000000000000000000000000000000000000000000000000000000000000000000000000000000000000
00000000000000000000000000000000000000000000000000000000000000000000000000000000000000000000000000000000000000000000000000000000
00000000000000000000000000000000000000000000000000000000000000000000000000000000000000000000000000000000000000000000000000000000
00000000000000000000000000000000000000000000000000000000000000000000000000000000000000000000000000000000000000000000000000000000
00000000000000000000000000000000000000000000000000000000000000000000000000000000000000000000000000000000000000000000000000000000
00000000000000000000000000000000000000000000000000000000011000001000000000000000000000000000000000000000000000000000000000000000
00000000000000000000000000000000000000000000000000000000001001001100000000000000000000000000000000000000000000000000000000000000
00000000000000000000000000000000000000000000000000000000001101111101000000000000000000000000000000000000000000000000000000000000
00000000000000000000000000000000000000000000000000000000000100101111000000000000000000000000000000000000000000000000000000000000
00000000000000000000000000000000000000000000000000000000000111111110000000000000000000000000000000000000000000000000000000000000
00000000000000000000000000000000000000000000000000000000001111111100000000000000000000000000000000000000000000000000000000000000
00000000000000000000000000000000000000000000000000000000111111111100000000000000000000000000000000000000000000000000000000000000
00000000000000000000000000000000000000000000000000000000111111111111000000000000000000000000000000000000000000000000000000000000
00000000000000000000000000000000000000000000000000000000011111111111100000000000000000000000000000000000000000000000000000000000
00000000000000000000000000000000000000000000000000000000011111111111100000000000000000000000000000000000000000000000000000000000
00000000000000000000000000000000000000000000000000010101111111111111000000000000000000000000000000000000000000000000000000000000
00000000000000000000000000000000000000000000000000011101111111111111100000000000000000000000000000000000000000000000000000000000
00000000000000000000000000000000000000000000000000111101111111111111000110000000000000000000000000000000000000000000000000000000
00000000000000000000000000000000000000000000000001111111111111111111111110000000000000000000000000000000000000000000000000000000
00100000000000000000000000000000000000000000000011111111111111111111101000000000000000000000000000000000000000000000000000000000
00100000000000000000000000000000000000000000000111111111111111111111111000000000000000000000000000000000000000000000000000000000
10100000000000000000000000000000000000000000011111111111111111111111111000000000000000000000000000000000000000000000000000100000
11100000000000000000000000000000000000000000011111111111111111111111111000000000000000000000000000000000000000000000000000100111
11000000000000000000000000000000000000000001111111111111111111111111110000000000000000000000000000000000000000000001000000111111
11111100000000000000000000000000000000000011011111111111111111111111000000000000000000000000000000000000000000000101100000001111
11111100000000000000000000000000000000111111111111111111111111111111111000000000000000000000000000000000000000000101111110111111
11111000000000000000000000000000000100101111111111111111111111111111111100000000000000000000000000000000000001011111111111111111
11111110000000000000000000000000010101111111111111111111111111111111111000000000000000000000000000000000000001111111111111111111
11111111000000000000000000000000010101111111111111111111111111111111111100000000000000000000000000000000000001101111111111111111
11111111000000000000000000000000111111111111111111111111111111111111111100000000000000000000000000000000000011101111111111111111
11111111111000000000000000000001111001111111111111111111111111111111111000000000000000000000000000000000000101101111111111111111
11111111101000000000000000000000011001111111111111111111111111111111111111000000000000000000000000000000000111001111111111111111
11111111001000000000000000000000000001111111111111111111111111111111111110000000000000000000000000000000000010001111111111111111
11111111111000000000000000000000000001111111111111111111111111111111111111100000000000000000000000000000000011111111111111111111
11111111111000000000000000000000000000111111111111111111111111111111111111100000000000000000000000000000000111111111111111111111
11111111110000000000000000000000000000111111111111111111111111111111111110000000000000000000000000000000000011111111111111111111
11111111100000000000000000000000000000111111111111111111111111111111111110000000000000000000000000000000000011111111111111111111
11111111100000000000000000000000000000110011111111111111111111111111111100000000000000000000000000000000000001011111111111111111
11111111110000000000000000000000000000000001111111111111111111111111111110000000000000000000000000000000000000000111111111111111
11111111100000000000000000000000000000000000011111111111111111111111111110000000000000000000000000000000000000101111111111111111
11111111100000000000000000000000000000000000011111111111111111111110111000010000000000000000000000000000000000111111111111111111
11111111100000000000000000000000000000000000011011111111111111110000100000011000000000000000000000000000000000111111111111111111
11111111100000000000000000000000000000000000000010111111111010000000000000001000000000000000000000000000000000001111111111111111
11111111100000000000000000000000000000000000000000000011000000000000000001011011000000000000000000000000000011001111111111111111
11111111100000000000000000000000000000000000000000000010000000000000000011111111110010000000000000000000000011111111111111111111
11111111000000000000000000000000000000000000000000000000000000000000000000000111111010000000000000000000000000000111111111111111
11111111100000000000000000000000000000000000000000000000000000000000000000110111100010000000000000000000000000001111111111111111
11111110100000000000000000000000000000000000000000000000000000000000000000001111111000000000000000000000000000001111111111111111
11111110000000000000000000000000000000000000000000000000000000000000000000001111100000000000000000000000000000011111111111111111
11111111111000000000000000000000000000000000000000000000000000000000000000000001000000000000000000000000000000011111111111111111
11111111111110000000000000000000000000000000000000000000000000000000000000000000000000000000000000000000000000111111111111111111
11111111101000000000000000000000000000000000000000000000000000000000000000000000000000000000000000000000000000111111111111111111
11111111111000000000000000000000000000000000000000000000000000000000000000000000000000000000000000000000000000111111111111111111
11110111111111000000000000000000000000000000000000000000000000000000000000000000000000000000000000000000000011111111111111111111
11110111111111000000000000000000000000000000000000000000000000000000000000000000000000000000000000000000000011011111111111111111
11000011111111100000000000000000000000000000000011100000000000000000000000000000000000000000000000000000000000011111111111111110
00000001111111111111000000000000000000000000000001111000000000000000000000000000000000000000000000000000000001111111111111111111
00000001111111111111000000000000000000000000000011111000000000000000000000000000000000000000000000000000000001111111111111111000
00000001111111111111000000000000000000000000000000111000000000000000000000000000000000000000000000000000001111111111111011100000
00000011111111111111100000000000000000000000001111110000000000000000000000000000000000000000000000000000000011111111000000000000
00000000011111111111100000000000000000000000000111111100000000000000000000000000000000000000000000000000000011111111111111000000
00000000011111111111100000000000000000000000001111010000000000000000000000000000000000000000000000000000000011111111111111000000
00000000011111111111111100000000000000000000000111000000000000000000000000000000000000000000000000000000000111111111111111000000
00000000011111111111100000000000000000000000000111110000000000000000000000000000000000000000000000000000000111111111111110000000
00000001111111111111010000000000000000000000001111111100000000000000000000000000000000000000000000000000000111111111111100000000
00000000011111110011000000000000000000000000001100001100000000000000000000000000000000000000000000000000000001111111111000000000
00000000000001100000010000000000000000000000001111111000000000000000000000000000000000000000000000000000000000111111100000000000
00000000000000000000010000000000000000000000001111111100000000000000000000000000000000000000000000000000000010011111010000000000
00000000000000000000010000000000000000000000011111011000000000000000000000000000000000000000000000000000000000010111000000000000
00000000000000000000010000000000000000000000000111011100000000000000000000000000000000000000000000000000000001010110000000000000
00000000000000000000000000000000000000000000000100000000000000000000000000000000000000000000000000000000000000010010000000000000
00000000000000000000000000000000000000000000000001111100000000000000000000000000000000000000000000000000000000011011100000000000
00000000000000000000000000000000000000000000001111110100000000000000000000000000000000000000000000000000000000010010010000000000
00000000000000000000000000000000000000000000000111110000000000000000000000000000000000000000000000000000000000000000000000000000
00000000000000000000000000000000000000000000000111111000000000000000000000000000000000000000000000000000000000000000000000000000
00000000000000000000000000000000000000000000000111110000000000000000000000000000000000000000000100000000000000000000000000000000
00000000000000000000000000000000000000000000000111110000000000000000000000000000000000000000001110000000000000000000000000000000
00000000000000000000000000000000000000000000000111100000000000000000000000000000000000000000000011110000000000000000000000000000
00000000000000000000000000000000000000000000000111000000000000000000000000000000000000000000000111100000000000000000000000000000
00000000000000000000000000000000000000000000000011100000000000000000000000000000000000000000000110000000000000000000000000000000
00000000000000000000000000000000000000000000000011000000000000000000000000000000000000000000000111000000000000000000000000000000
00000000000000000000000000000000000000000000001010100000000000000000000000000000000000000000000000000000000000000000000000000000
00000000000000000000000000000000000000000000001100000000000000000000000000000000000000000000000000000000000000000000000000000000
00000000000000000000000000000000000000000000000110000000000000000000000000000000000000000000000000000000000000000000000000000000
00000000000000000000000000000000000000000000000110000000000000000000000000000000000000000000000000000000000000000000000000000000
00000000000000000000000000000000000000000000000000000000000000000000000000000000000000000000000000000000000000000000000000000000
00000000000000000000000000000000000000000000000010000000000000000000000000000000000000000000000000000000000000000000000000000000
00000000000000000000000000000000000000000000000000000000000000000000000000000000000000000000000000000000000000000000000000000000
00000000000000000000000000000000000000000000000000000000000000000000000000000000000000000000000000000000000000000000000000000000
10000000000000000000000000000000000000000000000000000000000000000000000000000000000000000000000000000000000000000000000000010000
11000000000000000000000000000000000000000000000000000000000000000000000000000000000000000000000000000000000000000000000000011001
11111110000000000000000000000000000000000000000000000000000000000000000000000000000000000000000000000000000000000000000000001001
11111110000000000000000000000000000000000000000000000000000000000000000000000001101000000000000000000000000000000000000000001111
11111111100000000000000000000000000000000000000000000000000000000000000000000111111110000000000000000000000000000000000000101111
11111111111000000000000000000000000000000000000000000000000000000000000000001111111110000000000000000000000000000000000000111111
11111111111000000000000000000000000000000000000000000000000000000000000000011111111111000000000000000000000000000000000000011111
11111111111100000000000000000000000000000000000000000000000000000000000000011111111111000000000000000000000000000000000000001111
11111111111111100000000000000000000000000000000000000000000000000000000000011111111110000000000000000000000000000000000000001111
11111111111111101000000000000000000000000000000000000000000000000000000000011111111110000000000000000000000000000000000000111111
11111111111111100000000000000000000000000000000000000000000000000000000000111111111111000000000000000000000000000000000000000001
11100111111110001000000000000000000000000000000000000000000000000000000000111111111111100010000000000000000000000000000000000001
01100101111111100000000000000000000000000000000000000000000000000000000001111111111111110110000000000000000000000000000000000000
00000001111111111110000000000000000000000000000000000000000000000000000101111111111111111110000000000000000000000000000000000000
00000001111111111110000000000000000000000000000000000000000000000000011111111111111111111000000000000000000000000000000000000000
00000011111111111111000000000000000000000000000000000000000000000000000111111111111111111110000000000000000000000000000000000000
00000011110111111111100000000000000000000000000000000000000000000000001111111111111111111111000000000000000000000000000000000000
00000001110111111111000000000000000000000000000000000000000000000000001111111111111111111111000000000000000000000000000000000000
00000000010111111111000000000000000000000000000000000000000000000000000111111111111111111111110110000000000000000000000000000000
00000000000111111111000000000000000000000000000000000000000000000000000011111111111111111111111110000000000000000000000000000000
00000000000001111111100000000000000000000000000000000000000000000000000100111111111111111111111111111000000000000000000000000000
00000000111101111111100000000000000000000000000000000000000000000000001111111111111111111111111111111001000000000000000000000000
00000000001111111111000000000000000000000000000000000000000000000000001111111111111111111111011111100000000000000000000000000000
00000000000011111110000000000000000000000000000000000000000000000000000111111111111111111111001111100000000000000000000000000000
00000000000111111110000000000000000000000000000000000000000000000000000100001111111111001110101011011001000000000000000000000000
00000000000001111100000000000000000000000000000000000000000000000000000000000010110110000000000001001100000000000000000000000000
00000000000000101000000000000000000000000000000000000000000000000000000000000000000010000000000000000000000000000000000000000000
00000000000000000000000000000000000000000000000000000000000000000000000000000000000010000000000000000000000000000000000000000000
00000000000000000000000000000000000000000000000000000000000000000000000000000000000000000000000000000000000000000000000000000000
00000000000000000000000000000000000000000000000000000000000000000000000000000000000000000000000000000000000000000000000000000000
00000000000000000000000000000000000000000000000000000000000000000000000000000000000000000000000000000000000000000000000000000000
00000000000000000000000000000000000000000000000000000000000000000000000000000000000000000000000000000000000000000000000000000000
00000000000000000000000000000000000000000000000000000000000000000000000000000000000000000000000000000000000000000000000000000000
00000000000000000000000000000000000000000000000000000000000000000000000000000000000000000000000000000000000000000000000000000000
00000000000000000000000000000000000000000000000000000000000000000000000000000000000000000000000000000000000000000000000000000000
00000000000000000000000000000000000000000000000000000000000000000000000000000000000000000000000000000000000000000000000000000000
00000000000000000000000000000000000000000000000000000000000000000000000000000000000000000000000000000000000000000000000000000000
