00000000000000000000000000000000000000000000000000000000000000000000000000000000000000000000000000000000000000000000000000000000
00000000000000000000000000000000000000000000000000000000000000000000000000000000000000000000000000000000000000000000000000000000
00000000000000000000000000000000000000000000000000000000000000000000000000000000000000000000000000000000000000000000000000000000
00000000000000000000000000000000000000000000000000000000000000000000000000000000000000000000000000000000000000000000000000000000
00000000000000000000000000000000000000000000000000000000000000000000000000000000000000000000000000000000000000000000000000000000
00000000000000000000000000000000000000000000000000000000000000000000000000000000000000000000000000000000000000000000000000000000
00000000000000000000000000000000000000000000000000000000000000000000000000000000000000000000000000000000000000000000000000000000
00000000000000000000000000000000000000000000000000000000000000000000000000000000000000000000000000000000000000000000000000000000
00000000000000000000000000000000000000000000000000000000000000000000000000000000000000000000000000000000000000000000000000000000
00000000000000000000000000000000000000000000000000000000000000000000000000000000000000000000000000000000000000000000000000000000
00000000000000000000000000000000000000000000000000000000000000000000000000000000000000000000000000000000000000000000000000000000
00000000000000000000000000000000000000000000000000000000000000000000000000000000000000000000000000000000000000000000000000000000
00000000000000000000000000000000000000000000000000000000000000000000000000000000000000000000000000000000000000000000000000000000
00000000000000000000000000000000000000000000000000000000000000000000000000000000000000000000000000000000000000000000000000000000
00000000000000000000000000000000000000000000000000000000000000000000000000000000000000000000000000000000000000000000000000000000
00000000000000000000000000000000000000000000000000000000000000000000000000000000000000000000000000000000000000000000000000000000
00000000000000000000000000000000000000000000000000000000000000000000000000000000000000000000000000000000000000000000000000000000
00000000000000000000000000000000000000000000000000000000000000000000000000000000000000000000000000000000000000000000000000000000
00000000000000000000000000000000000000000000000000000000000000000000000000000000000000000000000000000000000000000000000000000000
00000000000000000000000000000000000000000000000000000000000000000000000000000000000000000000000000000000000000000000000000000000
00000000000000000000000000000000000000000000000000000000000000000000000000000000000000000000000000000000000000000000000000000000
00000000000000000000000000000000000000000000000000000000000000000000000000000000000000000000000000000000000000000000000000000000
00000000000000000000000000000000000000000000000000000000000000000000000000000000000000000000000000000000000000000000000000000000
00000000000000000000000000000000000000000000000000000000000000000000000000000000000000000000000000000000000000000000000000000000
00000000000000000000000000000000000000000000000000000000000000000000000000000000000000000000000000000000000000000000000000000000
00000000000000000000000000000000000000000000000000000000000000000000000000000000000000000000000000000000000000000000000000000000
00000000000000000000000000000000000000000000000000000000000000000000000000000000000000000000000000000000000000000000000000000000
00000000000000000000000000000000000000000000000000000000000000000000000000000000000000000000000000000000000000000000000000000000
00000000000000000000000000000000000000000000000000000000000000000000000000000000000000000000000000000000000000000000000000000000
00000000000000000000000000000000000000000000000000000000000000000000000000000000000000000000000000000000000000000000000000000000
00000000000000000000000000000000000000000000000000000000000000000000000000000000000000000000000000000000000000000000000000000000
00000000000000000000000000000000000000010000000000000000000000000100000000000000000000000000000000000000000000000000000000000000
00000000000000000000000000000000001011111000000000000000000000000110000000000000000000000000000000000000000000000000000000000000
00000000000000000000000000000000011100111111000000000000000000000010010110000000000000000000000000000000000000000000000000000000
00000000000000000000000000000000001100111111000000000000000000000010010111110000000000000000000000000000000000000000000000000000
00000000000000000000000000000000000111111111000000000000000000000000011111111111000000000000000000000000000000000000000000000000
00000000000000000000000000000000000001111111111000000000000000000000111111111111110000000000000000000000000000000000000000000000
00000000000000000000000000000000000001111111110000000000000000000011111111111111111000000000000000000000000000000000000000000000
00000000000000000000000000000000100011111111110000000000000000000000111111111111000000000000000000000000000000000000000000000000
00000000000000000000000000000000100111111111100000000000000000000000111111111110000000000000000000000000000000000000000000000000
00000000000000000000000000000000111111111111111000000000000000000000000011111111110000000000000000000000000000000000000000000000
00000000000000000000000000000000001101111111111000000000000000000000000000111111110000000000000000000000000000000000000000000000
00000000000000000000000000000000000001110111111010000000000000000000000000110111110000000000000000000000000000000000000000000000
00000000000000000000000000000000000001100111101010000000000000000000000000100111110000000000000000000000000000000000000000000000
00000000000000000000000000000000000000110011101110001100000000000000000000000111110100000000000000000000000000000000000000000000
00000000000000000000000000000000000000000000011111111100000000000000000000000001110000000000000000000000000000000000000000000000
00000000000000000000000000000000000000000000011100111101000000000000000000000100000000000000000001000000000000000000000000000000
00000000000000000000000000000000000000000000111100111111000000000000000000000000000000000000000011100000000000000000000000000000
00000000000000000000000000000000000000000001100001111100000000000000000000000000000000000000000001110000000000000000000000000000
00000000000000000000000000000000000000000000111111111100000000000000000000000000000000000000000001110000000000000000000000000000
00000000000000000000000000000000000000000000001111111100000000000000000000000000000000100000000000010000000000000000000000000000
00000000000000000000000000000000000000000000001111111000000000000000000000000000001111100011110100110100000000000000000000000000
00000000000000000000000000000000000000000000001111111100000000000000000000000000000000100111111111111111000000000000000000000000
00000000000000000000000000001000000000000000000011100000000000000000000000000000000001111111111111111110000000000000000000000000
00000000000000000000000000011000000000000000001111111000000100000011100000000000000010011111111111111111000000000000000000000000
00000000000000000000000000001100100000000000000111111100000101111111000000000000001110111111111111111111010000000000000000000000
00000000000000000000000000001110100000000000000111110001001111111111000000000000011110101111111111111111011000000000000000000000
00000000000000000000000000011110111010000000001111111111001001111111111100000000111111101111111111111111111000000000000000000000
00000000000000000000000000001111011111000000001111111111111101111111111000000011111110111111111111111111111000000000000000000000
00000000000000000000000000001101111111100000000111111111111111111111111111110011111111111111111111111111111010000000000000000000
00000000000000000000000000000111111111100000101111111111111111111111111111111111111111111111111111111111110010000000000000000000
00000000000000000000000000000001111110000001101111111111111111111111111111111111111111111111111111001111110000000000000000000000
00000000000000000000000000000000111110000000111111111111111111111111111111111111111111111111111111000001000000000000000000000000
00000000000000000000000000000000110000000000001111111111111111111110111111111111111111111111111111111000000000000000000000000000
00000000000000000000000000000000100000000000001111111111111111111110111111111111111111111111111111110000000000000000000000000000
00000000000000000000000000000000000000000000001111111111111111111110111111111111111111111111111000000000000000000000000000000000
00000000000000000000000000000000000000000010011111111111111111111110111111111111111111111111100001100000000000000000000000000000
00000000000000000000000000000000000000000010101111111111111111111100111111101111110101101111110000000000000000000000000000000000
00000000000000000000000000000000000000000011111111111111111111111110011100001110010001100110000000000000000000000000000000000000
00000000000000000000000000000000000000000000011111111111111111111111011011000001000000000101000000000000000000000000000000000000
00000000000000000000000000000000000000001111100111111111111111111000011000000000100000110100000000000000000000000000000000000000
00000000000000000000000000000000000000000000110111111111111111111011000000000000100000000101100000000000000000000000000000000000
00000000000000000000000000000000000000000000111111111111111111111010000000000000000000000111110000000000000000000000000000000000
00000000000000000000000000000000000000000000001111111111111111111000000000000000000000000000110000000000000000000000000000000000
00000000000000000000000000000000000000000000000110011111111111111000000000000000000000000000111000000000000000000000000000000000
00000000000000000000000000000000000000000000011111001111111001010000000000000000000000000000001100000010000000000000000000000000
00000000000000000000000000000000000000000000001011101011110001011100000000000000000000000000000100010011000000000000000000000000
00000000000000000000000000000000000000000000001011000001111111001100000000000000000000000000001100010111100000000000000000000000
00000000000000000000000000000000000000000000000001111101111111000000000000000000000000000000001100100111100000000000000000000000
00000000000000000000000000000000000000000000000000111100000111100000000000000000000000000000000111111111100000000000000000000000
00000000000000000000000000000000000000000000000001011100000001110000000000000000000000000000000000111111100000000000000000000000
00000000000000000000000000000000000000000000000011111100001000110000000000000000000000000000000000111111100001000000000000000000
00000000000000000000000000000000000000000000000001001110011101110000000000000000000000000000000111111111111001000000000000000000
00000000000000000000000000000000000000000100101101001111111100010000000000000000000000000000000001111111111111000000000000000000
00000000000000000000000000000000001000001110111000001100000100011000000000000000000000000000000011111111111111110000000000000000
00000000000000000000000001111100001110000010011111111111111100111000100111000100000000000000000011111111111111110000000000000000
00000000000000000000000011111110111110000010011111111110001101011000100111011100000000000000000011111111111111100000000000000000
00000000000000000000000011111101111110000010011111111111111111101011111111011100000000000000000111111111111111100000000000000000
00000000000000000000000001111101111111000010011111111111111111101111111111100000000000000000000011111111111111100000000000000000
00000000000000000000000001111100111111000000011111111111111111111111111111111110000000000000000011111111111111100000000000000000
00000000000000000000000011111100001000001001111111111111111111101111111111111110000000000000000001111111111111000000000000000000
00000000000000000000000000111111101000001011111111111111111111111111111111111110000000000000000000111111111000000000000000000000
00000000000000000000000001111111100000011111111111111111111111111111111111111100000000000000000011110111110000000000000000000000
00000000000000000000001001111110001000000011111111111111111111111111111111111110000000000000000000000111111000000000000000000000
00000000000000000000001111111111100000000011111111111111111111111111111111111100000000000000000000000011111000000000000000000000
00000000000000000000000011111111110000000111111111111111111111111111111111111111000000000000000000000001100000000000000000000000
00000000000000000000000111111111110000001101111111111111111111111111111111111100000000000000000000000000000000000000000000000000
00000000000000000000000011111110110000011111111111111111111111110011111111111000010000000000000000011111100000000000000000000000
00000000000000000000000001111110000000000111111111111111111111111011111111111000000000000000000000000011100000000000000000000000
00000000000000000000000001111100000000111111111111111111111111111001111111100000000000000000000000000011100000000000000000000000
00000000000000000000000000101000010000001111111111111111111111110001111111110000000000000000000000000000000000000000000000000000
00000000000000000000000000000011011100000001111111111111111111111001111111000000000000000000000000000000001100000000000000000000
00000000000000000000000000000000000100000001101111111111111111111100111000000000000000000000000000000000000000000000000000000000
00000000000000000000000000000000000110000000111111111111111111111101010001000000000000000000000000000000000000000000000000000000
00000000000000000000000000000000000110000111111111111111111111111000001000000000000000000000000000000000000000000000000000000000
00000000000000000000000000000000000110001111111011111111111111110100000001000000000000000000000000000000000000000000000000000000
00000000000000000000000000000000000000011111110011111111111111110000000000000000000000000000000000000000000000000000000000000000
00000000000000000000000000000000000000000111100000111111111110100000000000000000000000000000000000000000000000000000000000000000
00000000000000000000000000000000010000011110000100000111111110000000000000000000000000000000000000000000000000000000000000000000
00000000000000000000000000000000011110010000000000000011111111000000000000000000000000000000000000000000000000000000000000000000
00000000000000000000000000000000000111111000000100000000110111100000000000000000000000000000000000000000000000000000000000000000
00000000000000000000000000000000000000011000001100000000001111000000000000000000000000000000000000000000000000000000000000000000
00000000000000000000000000000000000000000000001100000000000000000000000000000000000000000000000000000000000000000000000000000000
00000000000000000000000000000000000000000000000000000000000000000000000000000000000000000000000000000000000000000000000000000000
00000000000000000000000000000000000000000000000000000000000000000000000000000000000000000000000000000000000000000000000000000000
00000000000000000000000000000000000000000000000000000000000000000000000000000000000000000000000000000000000000000000000000000000
00000000000000000000000000000000000000000000000000000000000000000000000000000000000000000000000000000000000000000000000000000000
00000000000000000000000000000000000000000000000000000000000000000000000000000000000000000000000000000000000000000000000000000000
00000000000000000000000000000000000000000000000000000000000000000000000000000000000000000000000000000000000000000000000000000000
00000000000000000000000000000000000000000000000000000000000000000000000000000000000000000000000000000000000000000000000000000000
00000000000000000000000000000000000000000000000000000000000000000000000000000000000000000000000000000000000000000000000000000000
00000000000000000000000000000000000000000000000000000000000000000000000000000000000000000000000000000000000000000000000000000000
00000000000000000000000000000000000000000000000000000000000000000000000000000000000000000000000000000000000000000000000000000000
00000000000000000000000000000000000000000000000000000000000000000000000000000000000000000000000000000000000000000000000000000000
00000000000000000000000000000000000000000000000000000000000000000000000000000000000000000000000000000000000000000000000000000000
00000000000000000000000000000000000000000000000000000000000000000000000000000000000000000000000000000000000000000000000000000000
00000000000000000000000000000000000000000000000000000000000000000000000000000000000000000000000000000000000000000000000000000000
00000000000000000000000000000000000000000000000000000000000000000000000000000000000000000000000000000000000000000000000000000000
