00000000000000000000000000000000000000000000000000000000000000000000000000000000000000000000000000000000000000000000000000000000
00000000000000000000000000000000000000000000000000000000000000000000000000000000000000000000000000000000000000000000000000000000
00000000000000000000000000000000000000000000000000000000000000000000000000000000000000000000000000000000000000000000000000000000
00000000000000000000000000000000000000000000000000000000000000000000000000000000000000000000000000000000000000000000000000000000
00000000000000000000000000000000000000000000000000000000000000000000000000000000000000000000000000000000000000000000000000000000
00000000000000000000000000000000000000000000000000000000000000000000000000000000000000000000000000000000000000000000000000000000
00000000000000000000000000000000000000000000000000000000000000000000000000000000000000000000000000000000000000000000000000000000
00000000000000000000000000000000000000000000000000000000000000000000000000000000000000000000000000000000000000000000000000000000
00000000000000000000000000000000000000000000000000000000000000000000000000000000000000000000000000000000000000000000000000000000
00000000000000000000000000000000000000000000000000000000000000000000000000000000000000000000000000000000011100000000000000000000
00000000000000000000000000000000000000000000000000000000000000000000000000000000000000000000000000000000000111000000000000000000
00000000000000000000000000000000000000000000000000000000000000000000000000000000000000000000000000000100000011100100000000000000
00000000000000000000000000000000000000000000000000000000000000000000000000000000000000000000000000001100000111111100000000000000
00000000000000000000000000000000000000000000000000000000000000000100001100000000000000000000000000000100111111110000000000000000
00000000000000000000000000000000000000000000000000000000000000001100111111011111110001100000010001101111111111111100000000000000
00000000000000000000000000000000000000000000000000000000000000111111111111011111111110101101111111111111111111111111100000000000
00000000000000000000000000000000000000000000000000000000001110111111111111111111111111111000111111111111111111111111100000000000
00000000000000000000000000000000000000000000000000000000000000111111111111111111111111111111111111111111111111111111100000000000
00000000000000000000000000000000000000000000000000000000000001111111111111111111111111111111111111111111111111111111100000000000
00000000000000000000000000000000000000000000000000000000000001111111111111111111111111111011111111111111111111111111110000000000
00000000000000000000000000000000000000000000000000000000000000111111111111011111011111110011111111111111111111111111100000000000
00000000000000000000000000000000000000000000000000000000000000011111111111001001000001110000000011111111111111111111100000000000
00000000000000000000000000000000000000000000000000000000000000011111111111000100000011010000000000111111111111111111000000000000
00000000000000000000000000000000000000000000000000000000000000011111111110011100011110000000000000011111111111111111000000000000
00000000000000000000000000000000000000000000000000000000000000001000001100001100000000000000000000001111111111111100110000000000
00000000000000000000000000000000000000000000000000000000000000000000001000000000000000000000000000000111111111111100010000000000
00000000000000000000000000000000000000000000000000000000000000000000000000000000000000000000000000000011111111111111000000000000
00000000000000000000000000000000000000000000000000000000000000000000000000000000000000000000000000000011111111111111000000000000
00000000000000000000000000000000000000000000000000000000000000000000000000000000000000000000000000000111111111111111000000000000
00000000000000000000000000000000000000000000000000000000000000000000000000000000000000000000000000000111111111111111000000000000
00000000000000000000000000000000000000000000000000000000000000000000000000000000000000000000000000000001111111111110000000000000
00000000000000000000000000000000000000000000000000000000000000000000000000000000000000000000000000000000111111111110000000000000
00000000000000000000000000000000000000000000000000000000000000000000000000000000000000000000000000000000111111111100000000000000
00000000000000000000000000000000000000000000000000000000000000000000000000000000000000000000000000000000000011111111000000000000
00000000000000000000000000000000000000000000000000000000000000000000000000000000000000000000000000000000000011111100000000000000
00000000000000000000000000000000000000000000000000000000000000000000000000000000000000000000000000000000000001010000000000000000
00000000000000000000000000000000000000000000000000000000000000000000000000000000000000000000000000000000000000000000000000000000
00000000000000000000000000000000000000000000000000000000000000000000000000000000000000000000000000000000000000000000000000000000
00000000000000000000000000000000000000000000000000000000000000000000000000000000000000000000000000000000000000000000000000000000
00000000000000000000000000000000000000000000000000000000000000000000000000000000000000000000000000000000000000000000000000000000
00000000000000000000000000000000000000000000000000000000000000000000000000000000000000000000000000000000000000000000000000000000
00000000000000000000000000000000000000000000000000000000000000000000000000000000000000000000000000000000000000000000000000000000
00000000000000000000000000000000000000000000000010000000000000000000000000000000100010000000000000000000000000000000000000000000
00000000000000000000000000000000000000000000100111100000000000000000000000000001100011000000000000000000000000000000000000000000
00000000000000000000000000000000000000000000111111101000000000000000000000000011101111000000000000000000000000000000000000000000
00000000000000000000000000000000000000010011111111111000000000000000000000000111111111000000000000000000000000000000000000000000
00000000000000000000000000000000000000111111111111110000000000000000000000000111111111100000000000000000000000000000000000000000
00000000000000000000000000000000000000000111111111111100000000000000000000001111111111100000000000000000000000000000000000000000
00000000000000000000000000000000000000000001111111111001000000000000000000001000111111100000000000000000000000000000000000000000
00000000000000000000000000000000000000000101111111111111110000000000000000001111111111100000000000000000000000000000000000000000
00000000000000000000000000000000000000000111111111111011000000000000000000001111111111000000000000000000000000000000000000000000
00000000000000000000000000000000000000000001111111110001010000000000000000001111111110000000000000000000000000000000000000000000
00000000000000000000000000000000000000000000111011100001111000000000000000000111111111000000000000000000000000000000000000000000
00000000000000000000000000000000000000000000000000000111110000000000000000001111111111000000000000000000000000000000000000000000
00000000000000000000000000000000000000000000000000000000000000000000000000000111111110000000000000000000000000000000000000000000
00000000000000000000000000000000000000000000000000000000000000000000000000000101111110000000000000000000000000000000000000000000
00000000000000000000000000000000000000000000000000000000000000000000000000011101110000100000000000000000000000000000000000000000
00000000000000000000000000000000000000000000000000000000000000000000000000000011110000100000000000000000000000000000000000000000
00000000000000000000000000000000000000000000000000000000000000000000000000000011110000000000000000000000000000000000000000000000
00000000000000000000000000000000000000000000000000000000000000000000000000000001100000000000000000000000000000001000000000000000
00000000000000000000000000000000000000000000000000000000000000000000000000000000000000000000000000000000000000011000000000000000
00000000000000000000000000000000000000000000000000000000000000010011100000000000000000000000000000000000000000011110000000000000
00000000000000000000000000000000000000000000000000000000000000011111111000000000000000000000000000000000000000111110000000000000
00000000000000000000000000000000000000000000000000000000000000010111111110000000000000000000000000000000000001111110000000000000
00000000000000001101000000000000000000000000000000000000000001111111111101100000000000000000000000000000000111111111000000000000
00000000000000001101100000000000000000000000000000000000000000111111111101000000000000000000000000000000000000111111000000000000
00000000000000011100000000000000000000000000000000000000000001111111000000000000000000000000000000000000000011111110100000000000
00000000000000000000000000000000000000000000000000000000000000111110000000000000000000000000000000000000000111111100000000000000
00000000000000000000000000000000000000000000000000000000000000011110000000000000000000000000000000000000000011111110000000000000
00000000000000000000000000000000000000000000000000000000000000001100000000000000000000000000000000000000000101111100000000000000
00000000000000000000000000000000000000000000000000000000000000001111000000000000000000000000000000000000000111111100000000000000
00000000000000000000000000000000000000000000000000000000000000000000000000000000000000000000000000000000000111101100000000000000
00000000000000000000000000000000000000000000000000000000000000000000000000000000000000000000000000000000000001101000000000000000
00000000000000000000000000000000000000000000000000000000000000000000000000000000000000000000000000000000000000000000000000000000
00000000000000000000000000000000000000000000000000000000000000000000000000000000000000000000000000000000000000000000000000000000
00000000000000000000000000000000000000000000000000000000000000000000000000000000000000000000000000000000000000000000000000000000
00000000000000000000000000000000000000000000000000000000000000000000000000000000000000000000000000000000000000000000000000000000
00000000000000000000000000000000000000000000000000000000000000000000000000000000000000000000001111000000000000000000000000000000
00000000000000000000000000000000000000000000000000000000000000000000000000000000000000000000000001001000000000000000000000000000
00000000000000000000000000000000000000000000000000000000000000000000000000000000000000000000000101011100000000000000000000000000
00000000000000000000000000000000000000000000000000000000000000000000000000000000000000000000011101000100000000000000000000000000
00000000000000000000000000000000000000000000000000000000000000000000000000000000000000000000000111101000000000000000000000000000
00000000000000000000000000000000000000000000000000000000000000000000000000000000000000000000000101111100000000000000000000000000
00000000000000000000000000000000000000000000000000000000000000000000000000000000000000000000000001010000000000000000000000000000
00000000000000000000000000000000000000000000000000000000000000000000000000000000000000000000001111110000000000000000000000000000
00000000000000000000000000000000000000000000000000000000000000000000000000000000000000000000000000000000000000000000000000000000
00000000000000000000000000000000000000000000000000000000000000000000000000000000000000000000000000000000000000000000000000000000
00000000000000001000000000000000000000000000000000000000000000000000000000000000000000000000000000000000000000000000000000000000
00000000000000001000000000000000000000000000000000000000000000000000000000000000000000000000000000000000000000000000000000000000
00000000000000011001000001000000000000000000000000000000000000000000000000000000000000000000000000000000000000000000000000000000
00000000000000111101011011100000000000000000000000000000000000000000000000000000000000000000000000000000000000000000000000000000
00000000000100111111011110100000000000000000000000000000000000000000000000000000000000000000000000000000000000000000000000000000
00000000000111111111011110100000000000000000000000000000000000001000000000000000000000000000000000000000000000000000000000000000
00000000000011111111111111100000000000000000000000110000000011101100000000000000000000000000000000000000000000000000000000000000
00000000000011111111111111100000000000000000000100010101000100111111100110000000000000000000000000000000000000000000000000000000
00000000000111111111111111111000000000000000000111111101100000111111101010000000000000000000000000000000000000000000000000000000
00000000000111111111111111101000000000000000111111111111111111111111110010000000000000000000000000000000000000000000000000000000
00000000000011111111111111100000000000000000010111111111111111111111111000000000000000000000000000000000000000000000000000000000
00000000000011111111111111100000000000000000000111111111111111111111111100000000000000000000000000000000000000000000000000000000
00000000000011111111111111100000000000000000001111111111111111111111111110000000000000000000000000000000000000000000000000000000
00000000000011111111111111000000000000000000111111111111111111111111100000000000000000000000000000000000000000000000000000000000
00000000000001111111111110000000000000000000000111000111111111111101000000000000000000000000000000000000000000000000000000000000
00000000000000111011100000000000000000000000000000000001110001111100000000000000000000000000000000000000000000000000000000000000
00000000000000001001110010000000000000000000000000000000111000010000000000000000000000000000000000000000000000000000000000000000
00000000000000000000000000000000000000000000000000000000011000000000000000000000000000000000000000000000000000000000000000000000
00000000000000000000000000000000000000000000000000000000000000000000000000000000000000000000000000000000000000000000000000000000
00000000000000000000000000000000000000000000000000000000000000000000000000000000000000000000000010000000000000000000000000000000
00000000000000000000000000000000000000000000000000000000000000000000000000000000000000000000000010000000000000000000000000000000
00000000000000000000000000000000000000000000000000000000000000000000000000000000000000000000000011100000000000000000000000000000
00000000000000000000000000000000000000000000000000000000000000000000000000000000000000000000001111110000000000000000000000000000
00000000000000000000000000000000000000000000000000000000000000000000000000000000000000000000001111100000000000000000000000000000
00000000000000000000000000000000000000000000000000000000000000000000000000000000000000000000001111111100000000000000000000000000
00000000000000000000000000000000000000000000000000000000000000000000000000000000000000000000000011111000000000000000000000000000
00000000000000000000000000000000000000000000000000000000000000000000000000000000000000000000011011110110000000000000000000000000
00000000000000000000000000000000000000000000000000000000000000000000000000000000000000000000000011110100000000000000000000000000
00000000000000000000000000000000000000000000000000000000000000000000000000000000000000000000000000000000000000000000000000000000
00000000000000000000000000000000000000000000000000000000000000000000000000000000000000000000000000010000000000000000000000000000
00000000000000000000000000000000000000000000000000000000000000000000000000000000000000000000000000000000000000000000000000000000
00000000000000000000000000000000000000000000000000000000000000000000000000000000000000000000000000000000000000000000000000000000
00000000000000000000000000000000000000000000000000000000000000000000000000000000000000000000000000000000000000000000000000000000
00000000000000000000000000000000000000000000000000000000000000000000000000000000000000000000000000000000000000000000000000000000
00000000000000000000000000000000000000000000000000000000000000000000000000000000000000000000000000000000000000000000000000000000
00000000000000000000000000000000000000000000000000000000000000000000000000000000000000000000000000000000000000000000000000000000
00000000000000000000000000000000000000000000000000000000000000000000000000000000000000000000000000000000000000000000000000000000
00000000000000000000000000000000000000000000000000000000000000000000000000000000000000000000000000000000000000000000000000000000
00000000000000000000000000000000000000000000000000000000000000000000000000000000000000000000000000000000000000000000000000000000
00000000000000000000000000000000000000000000000000000000000000000000000000000000000000000000000000000000000000000000000000000000
00000000000000000000000000000000000000000000000000000000000000000000000000000000000000000000000000000000000000000000000000000000
