11100000000000000000000000000000000000000000000000000001111111111111111111111110000111111111111111111111111111101111111110101111
11110000000000000000000000000000000000000000000000000001111111111111111111111000000011111111111111111111111111101111101110101111
11100000000000000000000000000000000000000000000000000000111111111111111111111100000111111111111111111111111111100011101100101111
11100000000000000000000000000000000000000000000000000001111111111111111111111000000001111111111111111111111101111000000000000011
00000000000000000000000000000000000000000000000000000011111111111111111111111000000000111111111111111111111100001000000000000011
00000000000000000000000000000000000000000000000000000000111111111111111111110000000000111111111111111011111000000000000000000001
00000000000000000000000000000000000000000000000000000000111111111111111111111110000011111111111111111001111000000000000000000000
00000000000000000000000000000000000000000000000000000000111111111111111111100010000000111111111111110001100000000000000000000000
00000000000000000000000000000000000000000000000000000000111111111111111111000000000000011111111111111100110000000000000000000000
00000000000000000000000000000000000000000000000000000000111111111111111111000000000000011111111111111000000000000000000000000000
00000000000000000000000000000000000000000000000000000000001111111111111010000000000000011111111111111111000000000000000000000000
00000000000000011000000000000000000000000000000000000000000111111111000000000000000000011111111111111100000000000000000000000000
00000000000001111100000000000000000000000000000000000000001111111111111000000000000000111111111111111111000000000000000000000000
00000000000011111100000000000000000000000000000000000000001111111111100000000000000000011111111111111110000000000000000000000000
00000000000001111110000000000000000000000000000000000000000111111111100000000000000001011111111111111110100000000000000000000000
00000000000001111110000000000000000000000000000000000000000011111111100000000000000011111111111111111111100000000000000000000000
00000000000101111111100000000000000000000000000000000000000000110010000000000000000000001111111111111110100000000000000000000000
00000000000011111111100000000000000000000000000000000000000000001000000000000000000000011111111111111110000000000000000000000000
00000000000000100110000000000000000000000000000000000000000000000000000000000000000000011111111111111100000000000000000000000000
00000000000000000110000000000000000000000000000000000000000000000000000000000000000000000111111111111000000000000000000000000000
00000000000000000000000000000000000000000000000000000000000000000000000000000000000000000001111111111000000000000000000000000000
00000000000000000000000000000000000000000000000000000000000000000000000000000000000000000001111011011000000000000000000000000000
00000000000000000000000000000000000000000000000000000000000000000000000000000000000000000000100000000000000000000000000000000000
00000000000000000000000000000000000000000000000000000000000000000000000000000000000000000000000000000000000000000000000000000000
00000000000000000000000000000000000000000000000000000000000000000000000000000000100000000000000000000000000000000000000000000000
00000000000000000000000000000000000000000000000000000000000000000000000000000000100000000000000000000000000000000000000000000000
00000000000000000000000000000000000000000000000000000000000000000000000000000001100000000000000000000000000000000000000000000000
00000000000000000000000000000000000000000000000000000000000000000000000000000000100000000000000000000000000000000000000000000000
00000000000000000000000000000000000000000000000000000000000000000000000000000001110000000000000000000000000000000000000000000000
00000000000000000000000000000000000000000000000000000000000000000000000000000011111000000000000000000000000000000000000000000000
00000000000000000000000000000000000000000000000000000000000000000000000000000111111100000000000000000000000000000000000000000000
00000000000000000000000000000000000000000000000000000000000000000000000000000111111100000000000000000000000000000000000000000000
00000000000000000000000000000000000000000000000000000000000000000000000000000111111000000000000000000000000000000000000000000000
00000000000000000000000000000000000000000000000000000000000000000000000000001111111000000000000000000000000000000000000000000000
00000000000000000000000000000000000000000000000000000000000000000000000000000111100000000000000000000000000000000000000000000000
00000000000000000000000000000000000000000000000000000000000000000000000000000111110000000000000000000000000000000000000000000000
00000000000000000000000000000000000000000000000000000000000000000000000000000011011100000000000000000000000000000000000000000000
00000000000000000000000000000000000000000000000000000000000000000000000000000011000000000000000000000000000000000000000000000000
00000000000000000000000000000000000000000000000000000000000000000000000000000011110000000000000000000000000000000000000000000000
00000000000000000000000000000000000000000000000000000000000000000000000000000000010110000000000000000000000000000000000000000000
00000000000000000000000000000000000000000000000000000000000000000000000000000000110001100000000000000000000000000000000000000000
00000000000000000000000000000000000000000000000000000000000000000000000000000000110001100000000000000000000000000000000000000000
00000000000000000000000000000000000000000000000000000000000000000000000000000000100000100000000000000000000000000000000000000000
00000000000000000000000000000000000000000000000110000000000000000000000000000000000000100000000000000000000000000000000000000000
00000000000000000000000000000000000000000000001110000000000000000000000000000000000000000110000000000000000000000000000000000000
00000000000000000000000000000000000000000000011111000000000000000000000000000000000000010011101001110000000000000000000000000000
00000000000000000000000000000000000000000000111110110000000000000000000000000000000000011011111111110000000000000000000000000000
00000000000000000000000000000000000000000110011000110000000000000000000000000000000000001111011111111000000000000000000000000000
00000000000000000000000000000000000000000011011110100000000000000000000000000000000000001011111111111100000000000000000000000000
00000000000000000000000000000000000000000000111110000000000000000000000000000000000000000011111111111100000000000000000000000000
00000000000000000000000000000000000000000000011111110000000000000000000000000000000000000011111111111110000000000000000000000000
00000000000000000000000000000000000000000000111111000000000000000000000000000000000000000011111111111100000000000000000000000000
00000000000000000000000000000000000000000000111111110000000000000000000000000000000000000011111111111110000000000000000000000000
00000000000000000000000000000000000000000000111111100000000000000000000000000000000000000001111111111100000000000000000000000000
00000000000000000000000000000000000000000000111111110000000000000000000000000000000000000000011111111100000000000000000000000000
00000000000000000000000000000000000000000001111111100000000000000000000000000000000000000000111111110010000000000000000000000000
00000000000000000000000000000000000000000000011111100000000000000000000000000000000000000001111110111000000000000000000000000000
00000000000000000000000000000000000000000000001110000000000000000000000000000000000000000000001010000000000000000000000000000000
00000000000000000000000000000000000000000000111111100000000000000000000000000000000000000000100011110000000000000000000000000000
00000000000000000000000000000000000000000000011111110000000000000000000000000000000000000000110111111000000000000000000000000000
00000000000000000000000000000000000000000000001111110000000000000000000000000000000000000000101111110000000000000000000000000000
00000000000000000000000000000000000000000000001111110000000000000000000000000000000000000000001111110000000000000000000000000000
00000000000000000000000000000000000000000000001111110000000000000000000000000000000000000000011111100000000000000000000000000000
00000000000000000000000000000000000000000000011111110000000000000000000000000000000000000001111111110100000000000000000000000000
00000000000000000000000000000000000000000000001111110000000000000000000000000000000000000000001111010000000000000000000000000000
00000000000000000000000000000000000000000000001111100000000000000000000000000000000000000001111111000000000000000000000000000000
00000000000000000000000000000000000000000000011111110000000000000000000000000000000000000000011111000000000000000000000000000000
00000000000000000000000000000000000000000000000111100000000000000000000000000000000000000100011111100000000000000000000000000000
00000000000000000000000000000000000000000000000111100000000000000000000000000000000000010111111111100000000000000000000000000000
00000000000000000000000000000000000000000000111111100000000000000000000000000000000000011111111111100000000000000000000000000000
00000000000000000000000000000000000000000000000011110000000000000000000000000000000101111111111111100000000000000000000000000000
00000000000000000000000000000000000000000000000010000000000000000000000000000000011110011011111111100000000000000000000000000000
00000000000000000000000000000000000000000000000011000000000000000000000000000001111111011111111111100000000000000000000000000000
00001000000000000000000000000000000000000000000010000000000000000000000000000011111111011111111111100000000000000000000000000000
10001000000000000000000000000000000000000000000010000000000000000000000000001111111111111111111111100000000000000000000000000000
11111000000000000000000000000000000000000000000000000000000000000000000000000111111111111111111111000000000000000000000000000000
11101100000000000000000000000000000000000000000000000000000000000000000000000011111111111111111111110000000000000000000000000000
11111110001000000000000000000000000000000000000000000000000000000000000000000011111111111111111111110000000000000000000000000111
11111111011010000000000000000000000000000000000000000000000000000000000000111111111111111111111111000000000000000000000000000111
11111111111110000000000000000000000000000000000000000000000000000000000001111111111111111111111111100000000000000000000000110111
11111111111010000000000000000000000000000000000000000000000000000000000111111111111111111111111111000000000000000000000000000111
11111111110010000000000000000000000000000000000000000000000000000000000010111111111111111111111000000000000000000000000000000111
11111111110010000000000000000000000000000000000000000000000000000000000000001111111111111111111110000000000000000000000000000111
11111111111000000000000000000000000000000000000000000000000000000000000000111111111111111111111100000000000000000000000000001011
11111111110000000000000000000000000000000000000000000000000000000000000000111111111111111111111000000000000000000000000000000011
11110111000000000000000000000000000000000000000000000000000000000000000011111111111111111111111000000000000000000000000000000001
11110000000000000000000000000000000000000000000000000000000000000000000000111111111111111111110000000000000000000000000000000011
11011000000000000000000000000000000000000000000000000000000000000000000000111111111111111111000000000000000000000000000000000000
01000000000000000000000000000000000000000000000000000000000000000000000000111111111111111111000000000000000000000000000000000000
01110000000000000000000000000000000000000000000000000000000000000000000000111111111111111110000000000000000000000000000000000000
00010000000000000000000000000000000000000000000000000000000000000000000000111111111111111110000000000000000000000000000000000000
00000000000000000000000000000000000000000000000000000000000000000000000001011111111111111100000000000000000000000000000000000000
00000000000000000000000000000000000000000000000000000000000000000000000001111111111111110000000000000000000000000000000000000000
00000000000000000000000000000000000000000000000000000000000000000000000000111111111111100000000000000000000000000000000000000000
00000000000000000000000000000000000000000000000000000000000000000000000000111111111111100000000000000000000000000000000000000000
00000000000000000000000000000000000000000000000000000000000000000000000000001111111111000000000000000000000000000000000000000000
00000000000000000000000000000000000000000000000000000000000000000000000000001111111010100000000000000000000000000000000000000000
00000000000000000000000000000000000000000000000000000000000000000000000000001111110000000000000000000000000000000000000000000000
00000000000000000000000000000000000000000000000000000000000000000000000000001111111110000000000000000000000000000000000000000000
00000000000000000000000000000000000000000000000000000000000000000000000000001111111110000000000000000000000000000000000000000000
00000000000000000000000000000000000000000000000000000000000000000000000000000111111100000000000000000000000000000000000000000000
00000000000000000000000000000000000000000000000000000000000000000000000000000111111111000000000000000000000000000000000000000000
00000000000000000000000000000000000000000000000000000000000000000000000000000001111001000000000000000000000000000000000000000000
00000000000000000000000000000000000000000000000000000000000000000000000000000001111011100000000000000000000000000000000000000000
00000000000000000000000000000000000000000000000000000000000000000000000000000000011001100000000000000000000000000000000000000000
00000000000000000000000000000000000000000000000000000000000000000000000000000000000001000000000000000000000000000000000000000000
00000000000000000000000000000000000000000000001000000000000000000000000000000000000000000000000000000000000000000000000000000000
00000000000000000000000000000000000000000000001100100110000000000000000000000000000000000000000000000000000000000000000000000000
00000000000000000000000000000000000000000000011110110110000000000000000000000000000000000000000000000000000000000000000000000000
00000000000000000000000000000000000000000000011111111110000000000000000000000000000000000000000000000000000000000000000000000000
00000000000000000000000000000000000000000000001111111110000000000000000000000000000000000000000000000000000000000000000000000000
00000000000000000000000000000000000000000000111111111100000000000000000000000000000000000000000000000000000000000000000000000000
00000000000000000000000000000000000000000001111111111110000000000000000000000000000000000000000000000000000000000000000000000000
00000000000000000000000000000000000000000000111111111111100000000000000000000000000000000000000000000000000000000000000000000000
00000000000000000000000000000000000000000000011111111111110000000000000000000000000000000000000000000000000000000000000000000000
00000000000000000000000000000000000000000000011111111111100000000000000000000000000000000000000000000000000000000000000000000000
00000000000000000000000000000000000000000000111111111111000000000000000000000000000000000000000000000000000000000000000000000000
00000000000000000000000000000000000000000000111111111111110000000000000000000000000000000000000000000000000000000000000000000000
00000000000000000000000000000000000000000000010111111111110000000010000000000000000000000000000100000000000000000000000000000000
00000000000000000000000000000000000000000000000011111111111100100010001001000000000000000000000111111000000000000000000000000000
00000000000000000000000000000000000000000000000011111111111111111110001111000000000000000000111111111111000000000000000000000000
00000000000000000000000000000000000000000000000001111111111111111111111111000000000000000111111111111110000000000000000000000000
10000000000000000000000000000000000000000000000000111111111111111111111111100000000000000011111111111111011000000000000000000000
10000000000000000000000000000000000000000000000000000011111111111111111111101000000000001111111111111111111101000000000000000010
10000000000000000000000000000000000000000000000000001111111111111111111111111000000000011111111111111111111111000000000000001111
00000000000000000000000000000000000000000000000000000001111111111111111111111000000000011111111111111111111111110000001000111111
10000000000000000000000000000000000000000000000000000001111111111111111111111000000000111111111111111111111111110011111111111111
11100000000000000000000000000000000000000000000000000000111111111111111111111110000001111111111111111111111111111011111110111111
