00000000000000000000000000000000000000000000000000000000000000000000000000000000000000000000000000000000000000000000000000000000
00000000000000000000000000000000000000000000000000000000000000000000000000000000000000000000000000000000000000000000000000000000
00000000000000000000000000000000000000000000000000000000000000000000000000000000000000000000000000000000000000000000000000000000
00000000000000000000000000000000000000000000000000000000000000000000000000000000000000000000000000000000000000000000000000000000
00000000000000000000000000000000000000000000000000000000000000000000000000000000000000000000000000000000000000000000000000000000
00000000000000000000000000000000000000000000000000000000000000000000000000000000000000000000000000000000000000000000000000000000
00000000000000000000000000000000000000000000000000000000000000000000000000000000000000000000000000000000000000000000000000000000
00000000000000000000000000000000000000000000000000000000000000000000000000000000000000000000000000000000000000000000000000000000
00000000000000000000000000000000000000000000000000000000000000000000000000000000000000000000000000000000000000000000000000000000
00000000000000000000000000000000000000000000000000000000000000000000000000000000000000000000000000000000000000000000000000000000
00000000000000000000000000000000000000000000000000000000000000000000000000000000000000000000000000000000000000000000000000000000
00000000000000000000000000000000000000000000000000000000000000000000000000000000000000000000000000000000000000000000000000000000
00000000000000000000000000000000000000000000000000000000000000000000000000000000000000000000000000000000000000000000000000000000
00000000000000000000000000000000000000000000000000000000000000000000000000000000000000000000000000000000000000000000000000000000
00000000000000000000000000000000000000000000000000000000000000000000000000000000000000000000000000000000000000000000000000000000
00000000000000000000000000000000000000000000000000000000000000000000000000000010000000000000000000000000000000000000000000000000
00000000000000000000000000000000000000000000000000000000000000000000000111000111000000000000000000000000000000000000000000000000
00000000000000000000000000000000000000000000000000000000000000000000000111000111000000000000000000000000000000000000000000000000
00000000000000000000000000000000000000000000000000000000000000000000000111000111100000000000000000000000000000000000000000000000
00000000000000000000000000000000000000000000000000000000000000000000000111000111000000000000000000000000000000000000000000000000
00000000000000000000000000000000000000000000000000000000000000000000000111000111000000000000000000000000000000000000000000000000
00000000000000000000000000000000000000000000000000000000000000000000000011000110000000000000000000000000000000000000000000000000
00000000000000000000000000000000000000000000000000000000000000000000000111100111100000000000000000000000000000000000000000000000
00000000000000000000000000000000000000000000000000000000000000000000000111000111000000000000000000000000000000000000000000000000
00000000000000000000000000000000000000000000000000000000000000000000001111000111000000000000000000000000000000000000000000000000
00000000000000000000000000000000000000000000000000000000000000000000000111001111110000000000000000000000000000000000000000000000
00000000000000000000000000000000000000000000000000000000001000000000000111111111000000000000000000000000000000000000000000000000
00000000000000000000000000000000000000000000000000000000001000000000000111111111010000000000000000000000000000000000000000000000
00000000000000000000000000000000000000000000000000000000001111011111100111111111110000000000000000000000000000000000000000000000
00000000000000000000000000000000000000000000000000000000001111111100001111111111110000000000000000000000000000000000000000000000
00000000000000000000000000000000000000000000000000000000001110111111111111111111111000000000000011100000000000000000000000000000
00000000000000000000000000000000000000000000000000000000001000000000000000111111110000000000000011100000000000000000000000000000
00000000000000000000000000000000000000000000000000000000000000000000001111000001110000000000000011100000000000000000000000000000
00000000000000000000000000000000000000000000000000000000000000000000001110000001111000000000000011100000000000000000000000000000
00000000000000000000000000000000000000000000000000000000000000000000011100000001110000000000000011100000000000000000000000000000
00000000000000000000000000000000000000000000000000000110000000000000111110110000110000010000000011100000000000000000000000000000
00000000000000000000000000000000000000000000000000001110000000000000111110111001111111110000000011100000000000000000000000000000
00000000000000000000000000000000000000000000000000011111100111111111111110111101111111100000000011100000000000000000000000000000
00000000000000000000000000000000000000000000000000001111000111111111111111111111111111110000000011100000000000000000000000000000
00000000000000000000000000000000000000000000000000001111100111111111111111111111111111000000000011100000000000000000000000000000
00000000000000000000000000000000000000000000000000001111100111111111111111111111111110110000000111111000000000000000000000000000
00000000000000000000000000000000000000000000000000001111100111111111111111111111111110001000000011111000000000000000000000000000
00000000000000000000000000000000000000000000001100001111001111111111111100111111111111011100001011111000000000000000000000000000
00000000000000000000000000000000000000000000001000011111101111101001111000111111111111111111101111111000000000000000000000000000
00000000000000000000000000000000000000000000001110001111001111110011111000111111111111111111111111111000000000000000000000000000
00000000000000000000000000000000000000000000011110001111111111100000110000011111111001111111111111111000000000000000000000000000
00000000000000000000000000000000000000000000001110000001001111100000111000000111111001111111111111111000000000000000000000000000
00000000000000000000000000000000000000000000001110000001111111100000111000001111111101111111111111111000000000000000000000000000
00000000000000000000000000000000111111111111111111000011101111111100111000000111111111111111111110111000000000000000000000000000
00000000000000000000000110000000011111111111111111000011100000111111111110001110111111111101000100111000000000000000000000000000
00000000000000000000000111000000011111111111111111111111111111111111111111001110111111111100000000111000000000000000000000000000
00000000000000000000000011000000000010011111001111001111111111111111111111111111111111111100000001111000000000000000000000000000
00000000000011111101111111000000000000011111001111111111110111111111111111111111111111111100000000111000000000000000000000000000
00000000111111111111111111000000000000011111011111111111100111111111111111111111111111111100000000111000000000000000000000000000
00000000111111111111111111000000000000001111011111111111111111111111111100111110000111111100000000111000000000000000000000000000
00000000111111111110001100000000000000001111011111111111111111111111111100111110000001111100000000001000000000000000000000000000
00000000111111111110000111110000000000001111011111111111111111111111111101111110010001111110000000000000000000000000000000000000
00000000111111111110000111010000000000001110011111111111111111111111111111111111111111111111110000000000000000000000000000000000
00000000011111111111000011000000000000001111111111111111111111111111111111011111111111111111110000000000000000000000000000000000
00000000011011111110000111000000000000011111111111111111111111111111111111011111111111111111110000000000000000000000000000000000
00000000001011111110000111000000000000001111111111111111111111111111111111111111000000001111110000100000000000000000000000000000
00000000000011111010000111000001000000001111111111111111111111111111111111111111100000001111111111100000000000000000000000000000
00000000000010101000000111111111100000001110111111111111111111111101111111111111100000001111111111100000000000000000000000000000
00000000000000001001111111111111100000011111111111111111111111111101111111011111100000000111111111111100000000000000000000000000
00000000000000000001111111111111111111101111111111111111111111111001111100000100100000000011111111111100000000000000000000000000
00000000000000000001111111111111111111111111111111100011111111111001111100000100100000000011111111111100000000000000000000000000
00000000000000000111111111111111111111111111111111111011111111111101111111000000000000000001111111011111000000000000000000000000
00000000000000001001111111111111111111111111111111110011111111111101111111000000000000000000000000011111000000000000000000000000
00000000000000001111111101111101111111111111111111111011111111111111111111000000000000000000000000011111000000000000000000000000
00000000000000011111111100011110000000111111111111111111111111111111111101000000000000000000000000011111000000000000000000000000
00000000000000001111111100011100000000111011101111111111111111100001110000000000000000000000000000011111000000000000000000000000
00000000000000001111111100011100000000100001100111111111111111100001110000000000000000000000000000000100000000000000000000000000
00000000000000001111111100011100000001111111111111111111111111100000110000000000000000000000000000000111000000000000000000000000
00000000000000001111111100011100010011111111111111111111111111100001111000000000000000000000000000000111000000000000000000000000
00000000000000001111111100011100111101111111111111111111111111100001110000000000000000000000000000000000000000000000000000000000
00000000000000001111111100011110111111111111111111111111111111100001110000000000000000000000000000000000000000000000000000000000
00000000000000000010010000011110111111111111111001111111111111100001111111011100000000000000000000000000000000000000000000000000
00000000000000000000000000011100111111111111111101111111111111100001111111111100000000000000000000000000000000000000000000000000
00000000000000000000000000011100111111110111111100011111111111100001111111111000000000000000000000000000000000000000000000000000
00000000000000000000000000111100111111100101111100111111111111100001111111111000000000000000000000000000000000000000000000000000
00000000000000000000000000011100111111111001111100111111111111000000111111111000000000000000000000000000000000000000000000000000
00000000000000000000000000011101111111111001111111111111111111100110111111111000000000000000000000000000000000000000000000000000
00000000000000000000000000011001111111111001011111111111001111100110111111111000000000000000000000000000000000000000000000000000
00000000000000000000000000000001111111111001011111001111101111100110111111111100000000000000000000000000000000000000000000000000
00000000000000000000000000000000111111111000000000000011101111100111010001110000000000000000000000000000000000000000000000000000
00000000000000000000000000000000111111000000000000000011101110000111000001110000000000000000000000000000000000000000000000000000
00000000000000000000000000000001111111000000000000000011111110000111000001110000000000000000000000000000000000000000000000000000
00000000000000000000000000000001111111000000000000000011101100000011000001110000000000000000000000000000000000000000000000000000
00000000000000000000000000000001111110000000000000000000001111000111000011110000000000000000000000000000000000000000000000000000
00000000000000000000000000000001111101000000000000000000011110011111000001110000000000000000000000000000000000000000000000000000
00000000000000000000000000000001110000000000000000000000001110011111100011110000000000000000000000000000000000000000000000000000
00000000000000000000000000000001110000000000000000000000001010011101000001110000000000000000000000000000000000000000000000000000
00000000000000000000000000000001110000000000000000000000111011111100000001110000000000000000000000000000000000000000000000000000
00000000000000000000000000000000000000000000000000000000000000111111000001111000000000000000000000000000000000000000000000000000
00000000000000000000000000000000000000000000000000000000000000011111000000100000000000000000000000000000000000000000000000000000
00000000000000000000000000000000000000000000000000000000000000011101000000000000000000000000000000000000000000000000000000000000
00000000000000000000000000000000000000000000000000000000000001011100000000000000000000000000000000000000000000000000000000000000
00000000000000000000000000000000000000000000000000000000001111111100000000000000000000000000000000000000000000000000000000000000
00000000000000000000000000000000000000000000000000000000001111111100000000000000000000000000000000000000000000000000000000000000
00000000000000000000000000000000000000000000000000000000001111111000000000000000000000000000000000000000000000000000000000000000
00000000000000000000000000000000000000000000000000000000001111111100000000000000000000000000000000000000000000000000000000000000
00000000000000000000000000000000000000000000000000000000001001110100000000000000000000000000000000000000000000000000000000000000
00000000000000000000000000000000000000000000000000000000000101100100000000000000000000000000000000000000000000000000000000000000
00000000000000000000000000000000000000000000000000000000001111110000000000000000000000000000000000000000000000000000000000000000
00000000000000000000000000000000000000000000000000000000001111110000000000000000000000000000000000000000000000000000000000000000
00000000000000000000000000000000000000000000000000000000001111100000000000000000000000000000000000000000000000000000000000000000
00000000000000000000000000000000000000000000000000000000001111100000000000000000000000000000000000000000000000000000000000000000
00000000000000000000000000000000000000000000000000000000001111100000000000000000000000000000000000000000000000000000000000000000
00000000000000000000000000000000000000000000000000000000000011100000000000000000000000000000000000000000000000000000000000000000
00000000000000000000000000000000000000000000000000000000000011100000000000000000000000000000000000000000000000000000000000000000
00000000000000000000000000000000000000000000000000000000000011100000000000000000000000000000000000000000000000000000000000000000
00000000000000000000000000000000000000000000000000000000000011100000000000000000000000000000000000000000000000000000000000000000
00000000000000000000000000000000000000000000000000000000000011100000000000000000000000000000000000000000000000000000000000000000
00000000000000000000000000000000000000000000000000000000000000000000000000000000000000000000000000000000000000000000000000000000
00000000000000000000000000000000000000000000000000000000000000000000000000000000000000000000000000000000000000000000000000000000
00000000000000000000000000000000000000000000000000000000000000000000000000000000000000000000000000000000000000000000000000000000
00000000000000000000000000000000000000000000000000000000000000000000000000000000000000000000000000000000000000000000000000000000
00000000000000000000000000000000000000000000000000000000000000000000000000000000000000000000000000000000000000000000000000000000
00000000000000000000000000000000000000000000000000000000000000000000000000000000000000000000000000000000000000000000000000000000
00000000000000000000000000000000000000000000000000000000000000000000000000000000000000000000000000000000000000000000000000000000
00000000000000000000000000000000000000000000000000000000000000000000000000000000000000000000000000000000000000000000000000000000
00000000000000000000000000000000000000000000000000000000000000000000000000000000000000000000000000000000000000000000000000000000
00000000000000000000000000000000000000000000000000000000000000000000000000000000000000000000000000000000000000000000000000000000
00000000000000000000000000000000000000000000000000000000000000000000000000000000000000000000000000000000000000000000000000000000
00000000000000000000000000000000000000000000000000000000000000000000000000000000000000000000000000000000000000000000000000000000
00000000000000000000000000000000000000000000000000000000000000000000000000000000000000000000000000000000000000000000000000000000
00000000000000000000000000000000000000000000000000000000000000000000000000000000000000000000000000000000000000000000000000000000
00000000000000000000000000000000000000000000000000000000000000000000000000000000000000000000000000000000000000000000000000000000
