00000000000000000000000000000000000000000000000000000001110000000000000000000000
00000000000000000000000000000000000000000000000000000001410000000000000000000000
00000000000000000000000000111111110000000000000000000001411111000000000000000000
00000000000000000000000000122222211100000000000000000001444441000000000000000000
00000000000000000000000000122222214100000000000000000001411111000000000000000000
00000000000000000000011111122222234100000000000000000001410011111111100000000000
00000000000000000000014444322222214100000000000000000001410012223444100000000000
00000000000000000000011111122222214100000000000000000001410012221111100000000000
00000000000000000000000000111111114100000000000000000001410012221000000000000000
00000000000000000000000000000000014100000000000000000001410111311000000000000000
00000000000000000000000000000000014100000000000000000001410122210000000000000000
00000000000000000000000000000000014100000000000000000111311122210000000000000000
00000000000000000000000000000000014100000000000000000122222122210000000000000000
00000000000000000000000000000000014100000000000000000122222122210000000000000000
00000000000000000000000000000000014100000000111000000122222322210000000000000000
00000000000000000000000000000000014100000000141000000122222113111111111111100000
00000000000000000000000000000000014101111111141111111122222114444444444444100000
00000000000000000000000000000000014101222221141222222111111114111111111111100000
00000000000000000000000000000000014101222221141222222344444444410000000000000000
00000000000000000000000000000111114111222221141222222111111111110000000000000000
00000000000000000000000000000144444443222221143222222100000000000000000000000000
00000000000000000000000000000111311111222221141222222100000000000000000000000000
00000000000000000000000000000012221001111131141222222100000000000000000000000000
00000000000000000000000000000012221000001222141111311100000000000000000000000000
00000000000000000000000000000012221000001222141122221000000000000000000000000000
00000000000000000000000000000012221000001222341122221111111110000000000000000000
00000000000000000000000000000012221000001111111122223444444410000000000000000000
00000000000000000000000000000012221000000000001131111111111110000000000000000000
00000000000000000000000000000011111000000000001222100000000000000000000000000000
00000000000000000000000000000000000000000000001222100000000000000000000000000000
00000000000000000000000000000000000000000000001222100000000000000000000000000000
00000000000000000000000000000000000000000000001111100000000000000000000000000000
