000000000000000000000000000000000
000000000000000000000000000000000
000000000000000000000000000000000
000000000000000000000000000000000
000000000000000000000000000000000
000000000000000000000000000000000
000000000000000000000000000000000
000000000000000000000000000000000
000000000000000000000000000000000
000000000000100110000000000000000
000000000001100011100000000000000
000000000000111111100000000000000
000000000000011111100000000000000
000000000000111111111000000000000
000000000001111111111000000000000
000000000011111111111100000000000
000000000111111111111111000000000
000000000111111111111100100000000
000000001111111111111000000000000
000000000001111111110000000000000
000000000000001111100000000000000
000000000000000111000000000000000
000000000000000110000000000000000
000000000000000000000000000000000
000000000000000000000000000000000
000000000000000000000000000000000
000000000000000000000000000000000
000000000000000000000000000000000
000000000000000000000000000000000
000000000000000000000000000000000
000000000000000000000000000000000
000000000000000000000000000000000
000000000000000000000000000000000
