00000000000000000000000000000000000000000000000000000000000000000000000000000000
00000000000000000000000000000000000000000000000000000000000000000000000000000000
00000000000000000000000000000000000000000000000000000000000000000000000000000000
00000000000000000000000000000000000000000000000000000000000000000000000000000000
00000000000000000000000000000000000000000000000000000000000000000000000000000000
00000000000000000000000000000000000000000000000000000000000000000000000000000000
00000000000000000000000000000000000000000000000000000000000000000000000000000000
00000000000000000000000000000000000000000000000000000000000000000000000000000000
00000001111111000000000000000000000000000000000000000000000000000000000000000000
00000001111111111111110000000000000000000000000000000000000000000000000000000000
00000001111111000000010000000000000000000000000000000000000000000000000000000000
00000001111111000000010000000000000000000000000000000000000000000000000000000000
00000001111111000000010000000000000000000000000000000000000000000000000000000000
00000001111111000000011111111100000000000000000000000000000000000000000000000000
00000001111111000000000111111100000000000000000000000000000000000000000000000000
00000000000000000000000111111100000000000000000000000000000000000000000000000000
00000000000000000000000111111111110000000000000000000000000000000001111111000000
00000000000000000000000111111100010000000000000000000011111111111111111111000000
00000000000000000000000111111100011111111110000000000010000000000001111111000000
00000000000000000000000111111100000001111110000000000010000000000001111111000000
00000000000000000000000000000000000001111110000000000010000000000001111111000000
00000000000000000000000000000000000001111110000000000010000000000001111111000000
00000000000000000000000000000000000001111110000000000010000000000000000000000000
00000000000000000000000000000000000001111111111111111110000000000000000000000000
00000000000000000000000000000000000001111110000000000000000000000000000000000000
00000000000000000000000000000000000000000000000000000000000000000000000000000000
00000000000000000000000000000000000000000000000000000000000000000000000000000000
00000000000000000000000000000000000000000000000000000000000000000000000000000000
00000000000000000000000000000000000000000000000000000000000000000000000000000000
00000000000000000000000000000000000000000000000000000000000000000000000000000000
00000000000000000000000000000000000000000000000000000000000000000000000000000000
00000000000000000000000000000000000000000000000000000000000000000000000000000000
