00000000000000000000000000000000000000000000000000000000000000000000000000000000000000000000000000000000000000000000000000000000
00000000000000000000000000000000000000000000000000000000000000000000000000000000000000000000000000000000000000000000000000000000
00000000000000000000000000000000000000000000000000000000000000000000000000000000000000000000000000000000000000000000000000000000
00000000000000000000000000000000000000000000000000000000000000000000000000000000000000000000000000000000000000000000000000000000
00000000000000000000000000000000000000000000000000000000000000000000000000000000000000000000000000000000000000000000000000000000
00000000000000000000000000000000000000000000000000000000000000000000000000000000000000000000000000000000000000000000000000000000
00000000000000000000000000000000000000000000000000000000000000000000000000000000000000000000000000000000000000000000000000000000
00000000000000000000000000000000000000000000000000000000000000000000000000000000000000000000000000000000000000000000000000000000
00000000000000000000000000000000000000000000000000000000000000000000000000000000000000000000000000000000000000000000000000000000
00000000000000000000000000000000000000000000000000000000000000000000000000000000000000000000000000000000000000000000000000000000
00000000000000000000000000000000000000000000000000000000000000000000000000000000000000000000000000000000000000000000000000000000
00000000000000000000000000000000000000000000000000000000000000000000000000000000000000000000000000000000000000000000000000000000
00000000000000000000000000000000000000000000000000000000000000000000000000000000000000000000000000000000000000000000000000000000
00000000000000000000000000000000000000000000000000000000000000000000000000000000000000000000000000000000000000000000000000000000
00000000000000000000000000000000000000000000000000000000000000000000000000000000000000000000000000000000000000000000000000000000
00000000000000000000000000000000000000000000000000000000000000000000000000000000000000000000000000000000000000000000000000000000
00000000000000000000000000000000000000000000000000000000000000000000000000000000000000000000000000000000000000000000000000000000
00000000000000000000000000000000000000000000000000000000000000000000000000000000000000000000000000000000000000000000000000000000
00000000000000000000000000000000000000000000000000000000000000000000000000000000000000000000000000000000000000000000000000000000
00000000000000000000000000000000000000000000000000000000000000000000000000000000000000000000000000000000000000000000000000000000
00000000000000000000000000000000000000000000000000000000000000000000000000000000000000000000000000000000000000000000000000000000
00000000000000000000000000000000000000000000000000000000000000000000000000000000000000000000000000000000000000000000000000000000
00000000000000000000000000000000000000000000000000000000000000000000000000000000000000000000000000000000000000000000000000000000
00000000000000000000000000000000000000000000000000000000000000000000000000000000000000000000000000000000000000000000000000000000
00000000000000000000000000000000000000000000000000000000000000000000000000000000000000000000000000000000000000000000000000000000
00000000000000000000000000000000000000000000000000000000000000000000000000000000000000000000000000000000000000000000000000000000
00000000000000000000000000000000000000000000000000000000000000011000000000000000000000000000000000000000000000000000000000000000
00000000000000000000000000000000000000000000000000000000000000001000000000000000000000000000000000000000000000000000000000000000
00000000000000000000000000000000000000000000000000000000000100011000000000000000000000000000000000000000000000000000000000000000
00000000000000000000000000000000000000000000000000000000011111111110000000000000000000000000000000000000000000000000000000000000
00000000000000000000000000000000000000000000000000000000100000100011001000000000000000000000000000000000000000000000000000000000
00000000000000000000000000000000000000000000000000000010110001111111111000000000000000000000000000000000000000000000000000000000
00000000000000000000000000010000000000000000000000000010111111010000001000000000000000000000000000000000000000000000000000000000
00000000000000000000000000110000000000000000000000000010011111000001111000000000000000000000000000000000000000000000000000000000
00000000000000000000000000011111000000000000000000000000011111100001111000000000000000000000000000000000000000000000000000000000
00000000000000000000000000000111100000000000000000000110101010000001111000000000000000000000000000000000000000000000000000000000
00000000000000000000000000000000100000000000000000110001100011100000001110000000000000000000000000000000000000000000000000000000
00000000000000000000000000000011100000000000000000000111111000010001111110000000000000000000000000000000000000000000000000000000
00000000000000000000000000000000100100000000000000000011111110000001111111100000000000000000000000000000000000000000000000000000
00000000000000000000000000000000101110000000000000000011111100000001111111100000000000000000000000000000000000000000000000000000
00000000000000000000000000000000111010000000000000000111111110000011111111110000000000000000000000000000000000000000000000000000
00000000000000000000000000000000011110010000000000000111111100000001111110000000000000000000000000000000000000000000000000000000
00000000000000000000000000000001110111110000000000000011111110000101110000000000000000000000000000000000000000000000000000000000
00000000000000000000000000000000011111100000000000000111111110000101111111110000000000000000000000000000000000000000000000000000
00000000000000000000000000000000011111000100000000000011111110001111111011110000000000000000000000000000000000000000000000000000
00000000000000000000000000000000011111111100000000000001101000000001101010010100000000000000000000000000000000000000000000000000
00000000000000000000000000000001101111111111100000000011100000000000100011011100000000000000000000000000000000000000000000000000
00000000000000000000000000000011101111111001100000000001110000000000000010011100000000000000000000000000000000000000000000000000
00000000000000000000000000000001111111111111100000000000100000000000000001011100000000000000000000000000000000000000000000000000
00000000000000000000000000000111111111111111100000000000000000000000000000000011001000000000000000000000000000000000000000000000
00000000000000000000000000000111111111111111000000000000010000000000000010000011100010000000000000000000000000000000000000000000
00000000000000000000000000000101111111111111100000000000000000000000000010000001111111000000000000000000000000000000000000000000
00000000000000000000000000000101111111111111100000000000000000000000000010001111101111110000000000000000000000000000000000000000
00000000000000000000000000000101111111111111111000000000000000000000000110101110001111010000000000000000000000000000000000000000
00000000000000000000000000000001011111111111111100000000000000000000000010111111111111110000000000000000000000000000000000000000
00000000000000000000000000000110011111111111111110000000000000000000011111001111111111111000000000000000000000000000000000000000
00000000000000000000000000000001011111111111111110000000000000000001000001001111111111111100000000000000000000000000000000000000
00000000000000000000000000000001011111110111111110000000000000000001100101100111111111110100000000000000000000000000000000000000
00000000000000000000000000000001000011110001101110000000100101000001100110000111111111110000000000000000000000000000000000000000
00000000000000000000000000000000000011111101001100111011100001110001100110000111111111110000000000000000000000000000000000000000
00000000000000000000000000000011100000110000100110011111100111111110100111111111111111001000000000000000000000000000000000000000
00000000000000000000000000000001100000000000010110000011111111111111100111110111111111100000000000000000000000000000000000000000
00000000000000000000000000000000000000000000000100000111011111111110000001111111111111110100000000000000000000000000000000000000
00000000000000000000000000000000000000000000000010000001011111111111110011111111111111100011110000000000000000000000000000000000
00000000000000000000000000000000000000000000000010000000011111111111111111101111111111111001110000000000000000000000000000000000
00000000000000000000000000000000000000000000000000000001011111111111111110001011111111111000110000000000000000000000000000000000
00000000000000000000000000000000000000000000000000000000001111111111110000101011111111111100010000000000000000000000000000000000
00000000000000000000000000000000000000000000000000000000001111111111111100000010111111111110000000000000000000000000000000000000
00000000000000000000000000000000000000000000000000000000011111111111111000111011111111111110000000000000000000000000000000000000
00000000000000000000000000000000000000000000000000000000011111111111111100000000011111111110000000000000000000000000000000000000
00000000000000000000000000000000000000000000000000000000000111111111111100000000000111111110000000000000000000000000000000000000
00000000000000000000000000000000000000000000000000000000000111111111111100000000001111111110000000000000000000000000000000000000
00000000000000000000000000000000001000001000000000000000110111111111111000000000011111111111010000000000000000000000000000000000
00000000000000000000000000000000001000001000000000000000000111111111111100000000001111111111000000000000000000000000000000000000
00000000000000000000000000000000001010000001000000000000011111111111111110010100000111111111000000000000000000000000000000000000
00000000000000000000000000000000011111111111000000000000011111111111111110000000000011111110110110000000000000000000000000000000
00000000000000000000000000011110000111111111000000001110111111111111111101000000000111111111100100000000000000000000000000000000
00000000000000000000000000110010001111111111100010000010111111111111100000000000000001111111100100000000000000000000000000000000
00000000000000000000000010110111100111111111100010000010011111111111111010000000000001111111100000000000000000000000000000000000
00000000000000000000000011110010000111111111111110000110111111111111111010000000000101111111000000000000000000000000000000000000
00000000000000000000000111111111000111111111111100001000011111111111111000000000000111110110000000000000000000000000000000000000
00000000000000000000001111111111100111111111111111111110011111111111111000000000001111110110000000000000000000000000000000000000
00000000000000000000000111111011100001111111111111111111111111111111110000000000000011100100000000000000000000000000000000000000
00000000000000000000000000011001100001111111111111111111111111111111100000000000000111110100000000000000000000000000000000000000
00000000000000000000000000111000010000111111111111111111111111111111111000000000000110110000000000000000000000000000000000000000
00000000000000000000000000111110000000111111111111111111111111110010000000000000000110100000000000000000000000000000000000000000
00000000000000000000000010001000000000111111111111111111111111100010000000000000000110000000000000000000000000000000000000000000
00000000000000000000000010001111000000011111111111111111111111110011000000000000000111101000000000000000000000000000000000000000
00000000000000000000001011111100100000000111111110001111111111110001000000000000000001000000000000000000000000000000000000000000
00000000000000000000001111111100000000000011111111000111111110000001000110000000000010100000000000000000000000000000000000000000
00000000000000000000000011111000000000000001000110010111111110000001111110000000000000000000000000000000000000000000000000000000
00000000000000000000000111111000000000000011100000000111111110000000001111100000000011000000000000000000000000000000000000000000
00000000000000000000000011111000000000000001000000010111111100000000001111100000001111110010000000000000000000000000000000000000
00000000000000000000000011111000000000001111010000001111111110111000001111000000011011110010000000000000000000000000000000000000
00000000000000000000000011111000000000000011000000001111110000110000001111100010011011001000000000000000000000000000000000000000
00000000000000000000000011111000000000000000110000001011111000100000011111111111000010100111000000000000000000000000000000000000
00000000000000000000000010000000000000000000110000000001110000000000001111111110011110011000000000000000000000000000000000000000
00000000000000000000000011011100000000000000110000000000000000000000000111111111111110000000000000000000000000000000000000000000
00000000000000000000000000000100000000000000000000000000000000000000110110111100011110000000000000000000000000000000000000000000
00000000000000000000000000000000000000000000000000000000000000000000010110101000001110000000000000000000000000000000000000000000
00000000000000000000000000000000000000000000000000000000000000000000010000000000000000000000000000000000000000000000000000000000
00000000000000000000000000000000000000000000000000000000000000000000111111000000000000000000000000000000000000000000000000000000
00000000000000000000000000000000000000000000000000000000000000000000000000000000000000000000000000000000000000000000000000000000
00000000000000000000000000000000000000000000000000000000000000000000000000000000000000000000000000000000000000000000000000000000
00000000000000000000000000000000000000000000000000000000000000000000000000000000000000000000000000000000000000000000000000000000
00000000000000000000000000000000000000000000000000000000000000000000000000000000000000000000000000000000000000000000000000000000
00000000000000000000000000000000000000000000000000000000000000000000000000000000000000000000000000000000000000000000000000000000
00000000000000000000000000000000000000000000000000000000000000000000000000000000000000000000000000000000000000000000000000000000
00000000000000000000000000000000000000000000000000000000000000000000000000000000000000000000000000000000000000000000000000000000
00000000000000000000000000000000000000000000000000000000000000000000000000000000000000000000000000000000000000000000000000000000
00000000000000000000000000000000000000000000000000000000000000000000000000000000000000000000000000000000000000000000000000000000
00000000000000000000000000000000000000000000000000000000000000000000000000000000000000000000000000000000000000000000000000000000
00000000000000000000000000000000000000000000000000000000000000000000000000000000000000000000000000000000000000000000000000000000
00000000000000000000000000000000000000000000000000000000000000000000000000000000000000000000000000000000000000000000000000000000
00000000000000000000000000000000000000000000000000000000000000000000000000000000000000000000000000000000000000000000000000000000
00000000000000000000000000000000000000000000000000000000000000000000000000000000000000000000000000000000000000000000000000000000
00000000000000000000000000000000000000000000000000000000000000000000000000000000000000000000000000000000000000000000000000000000
00000000000000000000000000000000000000000000000000000000000000000000000000000000000000000000000000000000000000000000000000000000
00000000000000000000000000000000000000000000000000000000000000000000000000000000000000000000000000000000000000000000000000000000
00000000000000000000000000000000000000000000000000000000000000000000000000000000000000000000000000000000000000000000000000000000
00000000000000000000000000000000000000000000000000000000000000000000000000000000000000000000000000000000000000000000000000000000
00000000000000000000000000000000000000000000000000000000000000000000000000000000000000000000000000000000000000000000000000000000
00000000000000000000000000000000000000000000000000000000000000000000000000000000000000000000000000000000000000000000000000000000
00000000000000000000000000000000000000000000000000000000000000000000000000000000000000000000000000000000000000000000000000000000
00000000000000000000000000000000000000000000000000000000000000000000000000000000000000000000000000000000000000000000000000000000
00000000000000000000000000000000000000000000000000000000000000000000000000000000000000000000000000000000000000000000000000000000
00000000000000000000000000000000000000000000000000000000000000000000000000000000000000000000000000000000000000000000000000000000
00000000000000000000000000000000000000000000000000000000000000000000000000000000000000000000000000000000000000000000000000000000
