111111111111111100000000000000000
111111111111111100100000000000000
111111111111111110000000000000000
111111111111111111000000000000000
111111111111111110000000000000000
111111111111111111000000000000000
111111111111111110000000000000000
111111111111111110000000000000000
111111111111111110000000000000000
111111111111111000000000000000000
111111111111101100000000000000000
111111111111100000000000000000000
111111111111111100000000000000000
111111111111111010000000000000000
111111111111111010000000000000000
111111111111110010000000000000000
111111111001100000000000000000000
111111111100000000000000000000000
111111110101100000000000000000000
111111100001000000000000000000000
111111111101000000000000000000000
111111111100000000000000000000000
111111111100000000000000000000000
111111111000000000000000000000000
111111111100000000000000000000000
111111110000000000000000000000000
111111110000000000000000000000000
111111100000000000000000000000000
111111100000000000000000000000000
111011100000000000000000000000000
110001100000000000000000000000000
100000100000000000000000000000000
100000100000000000000000000000000
