00000000000000000000000000000000000000000000000000000000000000000000000000000000
00000000000000000000000000000000000000000000000000000000000000000000000000000000
00000000000000000000000000000000000000000000000000000000000000000000000000000000
00000000000000000000000000000000000000000000000000000000000000000000000000000000
00000000000000000000000000000000000000000000000000000000000000000000000000000000
00000000000000000000000000000000000000000000000000000000000000000000000000000000
00000000000000000000000000000001111110000000000000001111110000000000000000000000
00000000000000000000001111111111111110000001111111111111111111100000000000000000
00000000111111100000001000000001111110000001000000001111110000100000000000000000
00000000111111100000001000000001111110000001000000001111110000100000000000000000
00000000111111111111111000000001111110000001000000001111110000100000000000000000
00000000111111100000000000000001111110000001000000001111110000100000000000000000
00000000111111100000000000000001111110000001000000000000000000100000000000000000
00000000111111100000000000000000010000000001000000000000000000100000011111110000
00000000000000000000000000000000010000000001000000000000000000100000011111110000
00000000000000000000000000000000010000000001000000000000000000100000011111110000
00000000000000000000000000000000010000000001000000000000000000100000011111110000
00000000000000000000000001111111110000000001000000000000000000100000011111110000
00000000000000000000000001000000000000000001000000000000000000111111111111110000
00000000000000000000000001000000000000000001000000000000000000000000011111110000
00000000000000000000000001000001111111111001000000000000000000000000000000000000
00000000000000000000000001000001001111111111000000000000000000000000000000000000
00000000000000000000000001111111001111111000000000000000000000000000000000000000
00000000000000000000000000000000001111111000000000000000000000000000000000000000
00000000000000000000000000000000001111111000000000000000000000000000000000000000
00000000000000000000000000000000001111111000000000000000000000000000000000000000
00000000000000000000000000000000000000000000000000000000000000000000000000000000
00000000000000000000000000000000000000000000000000000000000000000000000000000000
00000000000000000000000000000000000000000000000000000000000000000000000000000000
00000000000000000000000000000000000000000000000000000000000000000000000000000000
00000000000000000000000000000000000000000000000000000000000000000000000000000000
00000000000000000000000000000000000000000000000000000000000000000000000000000000
