00000000011111111111111111111111111111111111111111111111111111100000000000000000000000000000111111111111110000000000000000000000
00000000000111111111111111111111111111111111111111111111111111100000000000000000000000000000011111111111100000000000000000000000
00000000000011111111111111111111111111111111111111111111111111000000000000000000000000000001111111111111000000000000000000000000
00000000000111111111111111111111111111111111111111111111111111100100000000000000000000000001011111111110000000000000000000000000
00000000000111111111111111111111111111111111111111111111111111111100000000000000000000000001111111111110000000000000000000000000
00000000000111111111111111111111111111111111110101111111111111111100000000000000000000000000011111111100000000000000000000000000
00000000000111111111111111111111111111111111100000000111110111111100000000000000000000000000011111111100000000000000000000000000
00000000000010111111111111111111111111100111011100000000100111111100000000000000000000000000001111111000000000000000000000000000
00000000000011111111111111111111111101000100000000000000000111111110000000000000000000000000001011111000000000000000000000000000
00000000000001111111111111111111111100100000000000000000000011111110000000000000000000000000001111100000000000000000000000000000
00000000000001111111111111111111111000000000000000000000000010111000000000000000000000000000011111110000000000000000000000000000
00000000000001111111111111111100111000000000000000000000000000111110000000000000000000000000000011110100000000000000000000000000
00000000000111111111111111111100000000000000000000000000000001111110000000000000000000000000000001000000000000000000000000000000
00000000000000111111111111111000000000000000000000000000000000010111000000000000000000000000000010000000000000000000000000000000
00000000000001111111111111100000000000000000000000000000000001111110000000000000000000000000000110000000000000000000000000000000
00000000000000111111111110000000000000000000000000000000001111111111000000000000000000000000000000000000000000000000000000000000
00000000000000111111111010000000000000000000000000000000000001111111000000000000000000000000000000000000000000000000000000000000
00000000000000011111110000000000000000000000000000000000000011111111000000000000000000000000000000000000000000000000000000000000
00000000000000000011101000000000000000000000000000000000000011111111000000000000000000000000000000000000000000000000000000000000
00000000000000000000100000000000000000000000000000000000100111111111100000000000000000000000000000000000000000000000000000000000
00000000000000000000100000000000000000000000000000000011100111111111110000000000000000000000000000000000000000000000000000000000
00000000000000000000000000000000000000000000000000000001111111111111110000000000000000000000000000000000000000000000000000000000
00000000000000000000000000000000000000000000000000000000001111111111111100000000000000000000000000000000000000000000000000000000
00000000000000000000000000000000000000000000000000000000111111111111111100000000000000000000000000000110000000000000000000000000
00000000000000000000000000000000000000000000000000000001111111111111111100000000000000000000000000000011000000000000000000000000
00000000000000000000000000000000001100100000000000110111111111111111111100000000000000000000000000000011111000000000000000000000
00000000000000000000000000000000011110100000010000111111111111111111111110000000000000000000000000000000001000000000000000000000
00000000000000000000000000000000000011111101111001111111111111111111111111000000000000000000000000000000011100000101000000000000
00000000000000000000000000000011000001111101111111111111111111111111111110000000000000000000000000000000000110011111100000000000
00000000000000000000000000000001111111111101111111111111111111111111111110000000000000000000000000000000000110111111110000000000
00000000000000000000000000000011111111111101111111111111111111111111111111111000000000000000000000000000000011111111110000000000
00000000000000000000000000000000111111111111111111111111111111111111111111111001100000000000000000000000000111111111111110000000
00000000000000000000000000000001111111111111111111111111111111111111111111111100110000000000000000000000000001111111111110000000
00000000000000000000000000000000111111111111111111111111111111111111111111111110100000000000000000000000000101111111111000000000
00000000000000000000000000000000011111111111111111111111111111111111111111111000000000000000000000000000000111111111111110000000
00000000000000000000000000000000011111111111111111111111111111111111101111110000000000000000000000000000000011111111111110000000
00000000000000000000000000000001111111111111111111111111111111111110001110000000000000000000000000000000000011111111111100000000
00000000000000000000000000000001111111111111111111111111111111111110000000000000000000000000000000000000000111111111111110000000
00000000000000000000000000000001111111111111111111111111111101100000000000000000000000000000000000000000000001111111111110000000
00000000000000000000000000000001111111111111111111111111111000000000000000000000000000000000000000000000000001111111111110000000
10000000000000000000000000000000111111111111111111111111101000000000000000000000000000000000000000000000000000110111111111100000
10000000000000000000000000000011111111111111111111011000110000000000000000000000000000000000000000000000000000000011111111111100
10100000000000000000000000000110111111111111111110000000100000000000000000000000000000000000000000000000000000000011111111111100
11110000000000000000000000000110011111111111110100000000000000000000000000000000000000000000000000000000000000000000000111111111
11110011000000000000000000001111011111111111000000000000000000000000000000000000000000000000000000000000000000000000000011111111
11111011000000000000000100000111111111111110000000000000000000000000000000000000000000000000000000000000000000000000000110111111
11111001000000000000000111011111111111000100000000000000000000000000000000000000000000000000000000000000000000000000000000111111
11111001111100000000000111001011111110000000000000000000000000000000000000000000000000000000000000000000000000000000000010111111
11111101111110100000011111111011111110000000000000000000000000000000000000000000000000000000000000000000000000000000000010111111
11111111111111110000000111111111111100000000000000000000000000000000000000000000000000000000000000000000000000000000000000111111
11111111111111000000010011111111111111000000000000000000000000000000000000000000000000000000000000000000000000000000000000111111
11111111111111100000011111111111100100000000000000000000000000000000000000000000000000000000000000000000000000000000000001111111
11111111110000000000000011101111010010000010000000000000000000000000000000000000000000000000000000000000000000000000000000001111
11111111111111110000000001100100000010101010000000000000000000000000000000000000000000000000000000000000000000000000000000011111
11111111111111110000000000000000000011101011110010000000000000000000000000000000000000000000000000000000000000000000000000001111
11111111111111100000000000000000000011101111111110000000000000000000000000000000000000000000000000000000000000000000000000001111
11111111111111100000000000000000000011111111111110010000000000000000000000000000000000000000000000000000000000000000000000001111
11111111111111000000000000000000000001111111111111111000000000000000000000000000000000000000000000000000000000000000000000000011
11111111111111100000000000000000000001111111111111111000000000000000000000000000000000000000000000000000000000000000000000000111
11111111111111001000000000000000000000111111111111111000000000000000000000000000000000000000000000000000000000000000000000000011
11111111111111111000000000000000000000011111111111111110000000000000000000000000000000000000001100000000000000000000000000000000
11111111111111111000000000000000000011001111111111111110000000000000000000000000000000000000010100000000000000000000000000000000
11111111111111110000000000000000000011101111111111111111000000000000000000000000000000000000111110000000000000000000000000000000
11111111111111111000000000000000000011111111111111111111100000000000000000000000000000111110111111100000000000000000000000000000
11111111111111111000000000000000000000111111111111111111000000000000000000000000000110111111111111110000000000000000000000000000
11111111111111100000000000000000000101111111111111111111100000000000000000000000000110111111111011000000000000000000000000000001
11111111111110000000000000000000000101111111111111111100100000000000000000000000000000001100010010000000000000000000000000000011
11111111111110100000000000000000011111111111111111111110000000000000000000000000000000000000010000000000000000000000000000001111
11111111111001100000000000001000011111111111111111111111000000000000000000000000000000000000000000000000000000000000000000001111
11111111111101110000000000001111111111111111111111111111110000000000000000000000000000000000000000000000000000000000000000001111
11111111111100000000000001101111111111111111111111111111110000000000000000000000000000000000000000000000000000000000000000111111
11111111111100000000000011111111111111111111111111111111000000000000000000000000000000000000000000000000000000000000010000011111
11111111111100000000000111111111111111111111111111111111111000000000000000000000000000000000000000000000000000011000010100011111
11111111111100000000000111111111111111111111111111111111111000000000000000000000000000000000000000000000000000001000111111111111
11111111111100000000000111111111111111111111111111111111100000000000000000000000000000000000000000000000000000011111111111111111
11111111111000000000001111111111111111111111111111111111111000000000000000000000000000000000000000000000000000111111111111111111
11111111111000000000000111111111111111111111111111111111111000000000000000000000000000000000000000000000000000011111111111111111
11111111111000000000001111111111111111111111111111111111111100000000000000000000000000000000000000000000000011111111111111111111
11111111110000000000001111111111111111111111111111111111111100000000000000000000000000000000000000000000001011111111111111111111
11111111111100000000011111111111111111111111111111111111111100000000000000000000000000000000000000000000011111111111111111111111
11111111111000000000001111111111111111111111111111111111000000000000000000000000000000000000000000000000000111111111111111111111
11111111111000000000001111111111111111111111111111111111100000000000000000000000000000000000000000000000000011111111111111111111
11111111111000000000011111111111111111111111111111111111111000000000000000000000000000000000000000000000000011110011111111111111
11111111111100000000001110111111111111111111111111111111111000000000000000000000000000000000000000000000000111110011111111111111
11111111111100000000001110111111111111111111111111111111111000000000000000000000000000000000000000000000000000011001111111111111
11111111111110000000111110111111111111111111111111111111100100000000000000000000000000000000000000000000000000011101111111111111
11111111111110000000001110110111111111111111111111111111110000000000000000000000000000000000000000000000000000000000101111111111
11111111111110000000001110000110110111111111111111111111100000000000000000000000000000000000000000000000000000000000100001111111
11111111111110111100000000000000000001111111111111111111000000000000000000000000000000000000000000000000000000000000100000001111
11111111111111111100000000000000000000111111111111111111100000000000000000000000000000000000000000000000000000000000100000000011
11101111111111111110000000000000000000001111111111111111111100000000000000000000000000000000000000000000000000000000000000000001
01101001111111111111100000000000000000001111111111111110001100000000000000000000000000000000000000000000000000000000000000000000
00001001111111111111100000000000000000000111111111111111100000000000000000000000000000000000000000000000000000000000000000000000
00000001111111111111000000000000000000000001111111111010000000000000000000000000000000000000000000000000000000000000000000000000
00000000111111111111100000000000000000000000001111111011010000000000000000000000000000000000000000000000000000000000000000000000
00000000111111111111100000000000000000000000001111110000000000000000000000000000000000000000000000000000000000000000000000000000
00000000001111111111100000000000000000000000011111111000000000000000000000000000000000000000000000000000000000000000000000000000
00000000001111111111101000000000000000000000011111111000000000000000000000000000000000000000000000000000000000000000000000000000
00000000000111111110100000000000000000000000001111111100000000000000000000000000000000000000000000000000000000000000000000000000
00000000000111111110000000000000000000000000011111111100000000000000000000000000000000000000000000000000000000000000000000000000
00000000000101111100100100000000000000000001111111111111000000000000000000000000000000000000000000000000000000000000000000000000
00000000000011000000000100000000000000000011111111111110011100000000000000000000000000000000000000000000000000000000000000000000
00000000000001000000000000000000000000000001111111111111100100000000000000000000000000000000000000000000000000000000000000000000
00000000000001000000000000000000000000000111111111111111110110111000000000000000000000000000000000000000000000000000000000000000
00000000000000000000000000000000000000000111111111111111111111111000000000000000000000000000000000000000000000000000000000000000
00000000000000000000000000000000000000001111111111111111111111111000000000000000000000000000000000000000000000000000000000000000
00000000000000000000000000000000000011111111111111111111111111111010000110000000000000000000000000000000000000000000000000000000
00000000000000000000000000000000000101111111111111111111111111111111110010000000000000000000000000000000000000000000000000000000
00000000000000000000000000000000000111111111111111111111111111111111111111100000000000000000000000000000000000000000000000000000
00000000000000000000000000000000001111111111111111111111111111111111111111111100000000000000000000000000000000000000000000000000
00000000000000000000000000000001111111111111111111111111111111111111111111111100000000000000000000000000000000000000000000000000
00000000000000000000000000000001011111111111111111111111111111111111111111111111000010000000000000000000000000000000000000000000
00000000000000000000000000000001111111111111111111111111111111111111111111111110000110000000000000000000000000000000000000000000
00000000000000000000000000000001111111111111111111111111111111111111111111111111100000000000000000000000000000000000000000000000
00000000000000000000000000011001111111111111111111111111111111111111111100011111000000000000000000000000000000000000000000000000
00000000000000000000000000101011111111111111111111111111111111111111111110010001101000000000000000000000000000000000000000000000
00000000000000000000000001110011111111111111111111111111111111111111111111000011000000000000000000000000000000000000000000000000
00000000000000000000000010011111111111111111111111111111111111111110111110100000000000000000000000000000000000000000000000000000
00000000000000000000000011011111111111111111111111111111111111111100100000000000000000000000000000000000000000000000000000000000
00000000000000000000001011111111111111111111111111111111111111111110100000000000000000000000000000000000000000000000000000000000
00000000000000000000011111111111111111111111111111111111111111111110000000000000000000000000000010000000000000000000000000000000
00000000000000000001011111111111111111111111111111111111111111111110000000000000000000000000000010000000000000000000000000000000
00000000000000000001111111111111111111111111111111111111111111111110000000000000000000000000000011000000000000000000000000000000
00000000000000000011111111111111111111111111111111111111111111111100000000000000000000000000000111100000000000000000000000000000
00000000000000001111111111111111111111111111111111111111111111111110000000000000000000000000111111111100000000000000000000000000
00000000000001111111111111111111111111111111111111111111111111110100000000000000000000000000011111111110000000000000000000000000
00000000000000111111111111111111111111111111111111111111111111110000000000000000000000000000011111101010000000000000000000000000
00000000000111111111111111111111111111111111111111111111111111111000000000000000000000000000111111101110100000000000000000000000
