111111111111111111000000000000000
111111111111111111000000000000000
111111111111111000000000000000000
111111111111111100000000000000000
111111111111111000000000000000000
111111111111110100000000000000000
111111111111110000000000000000000
111111111100000000000000000000000
111111111111010000000000000000000
111111111110000000000000000000000
111111111000000000000000000000000
111111110000000000000000000000000
111110010000000000000000000000000
111111011000000000000000000000000
101111000000000000000000000000000
001111000000000000000000000000000
100010000000000000000000000000000
111000000000000000000000000000000
101000000000000000000000000000000
000000000000000000000000000000000
000000000000000000000000000000000
000000000000000000000000000000000
000000000000000000000000000000000
000000000000000000000000000000000
000000000000000000000000000000000
000000000000000000000000000000000
000000000000000000000000000000000
000000000000000000000000000000000
000000000000000000000000000000000
000000000000000000000000000000000
000000000000000000000000000000000
000000000000000000000000000000000
000000000000000000000000000000000
