00000000000000000000000000000000000000000000000000000000000000000000000000000000
00000000000000000000000000000000000000000000000000000000000000000000000000000000
00000000000000000000000000000000000000000000000000000000000000000000000000000000
00000000000000000000000000000000000000000000011111110000000000000000000000000000
00000000000000000000000001111111000000000011111111110000000000000000000000000000
00000000000000000111111111111111000000000010011111110000000000000000000000000000
00000000000000000100000001111111000000000010011111110000000000000000000000000000
00000000000000000100000001111111000000000010011111110000000000000000000000000000
00000000000000000100000001111111000000000010011111110000000000000000000000000000
00000000000000000100000001111111000000000010000010000000000000000000000000000000
00000000000000000100000000001000000000000010000010000000000000000000000000000000
00000000000000000100000000001000000000000010000010000000000000000000000000000000
00000000000000000100000000001000000000000010000110000000000000000000000000000000
00000000000000000100000000001000000000000010000100000000000000000000000000000000
00000000000000000100000000001000000000000010000100000000000000000000000000000000
00000000000000000100000000001000000000000010000100000000000000000000000000000000
00000000000000000100000000001111110000000010000100000000000000000001111111000000
00000000000000000100000000000000010000000010000100000000000000000001111111000000
00000000000000000100000000000000010000000010000100000000000000000001111111000000
00000000000000000100000000000000010000000010000100000000000000000001111111000000
00000001111111000100000000000111111000000010000100000000011111111111111111000000
00000001111111000100000000000111111000000010000100000000010000000001111111000000
00000001111111111100000000000111111111111110000100000000010000000001111111000000
00000001111111000000000000000111111000000000011100000000010000000000000000000000
00000001111111000000000000000111111000000000010000000000010000000000000000000000
00000001111111000000000000000111111000000000010000000000010000000000000000000000
00000000000000000000000000000111111000000000010000000000010000000000000000000000
00000000000000000000000000000000000000000000011111111111110000000000000000000000
00000000000000000000000000000000000000000000000000000000000000000000000000000000
00000000000000000000000000000000000000000000000000000000000000000000000000000000
00000000000000000000000000000000000000000000000000000000000000000000000000000000
00000000000000000000000000000000000000000000000000000000000000000000000000000000
