00000000000000000000000000000000000000000000000000000000000000000000000000000000000000000000000000000000000000000000000000000000
00000000000000000000000000000000000000000000000000000000000000000000000000000000000000000000000000000000000000000000000000000000
00000000000000000000000000000000000000000000000000000000000000000000000000000000000000000000000000000000000000000000000000000000
00000000000000000000000000000000000000000000000000000000000000000000000000000000000000000000000000000000000000000000000000000000
00000000000000000000000000000000000000000000000000000000000000000000000000000000000000000000000000000000000000000000000000000000
00000000000000000000000000000000000000000000000000000000000000000000000000000000000000000000000000000000000000000000000000000000
00000000000000000000000000000000000000000000000000000000000000000000000000000000000000000000000000000000000000000000000000000000
00000000000000000000000000000000000000000000000000000000000000000000000000000000000000000000000000000000000000000000000000000000
00000000000000000000000000000000000000000000000000000000000000000000000000000000000000000000000000000000000000000000000000000000
00000000000000000000000000000000000000000000000000000000000000000000000000000000000000000000000000000000000000000000000000000000
00000000000000000000000000000000000000000000000000000000000000000000000000000000000000000000000000000000000000000000000000000000
00000000000000000000000000000000000000000000000000000000000000000000000000000000000000000000000000000000000000000000000000000000
00000000000000000000000000000000000000000000001000000000000000000000000000000000000000000000000000000000000000000000000000000000
00000000000000000000000000000000000000000000001000000000000000000000000000000000000000000000000000000000000000000000000000000000
00000000000000000000000000000000000000000000001110100000000000000000000000000000000000000000000000000000000000000000000000000000
00000000000000000000000000000000000000000000001111111000000000000000000000000000000000000000000000000000000000000000000000000000
00000000000000000000000000000000000000000001111111001000000000000000000000000000000000000000000000000000000000000000000000000000
00000000000000000000000000000000000000000001111111100110000000000000000000000000000000000000000000000000000000000000000000000000
00000000000000000000000000000000000000000000111111100000000000000000000000000000000000000000000000000000000000000000000000000000
00000000000000000000000000000000000000000000000010000000000000000000000000000000000000000000000000000000000000000000000000000000
00000000000000000000000000000000000000000000001110000000000000000000000000000000000000000000000000000000000000000000000000000000
00000000000000000000000000000000000000000000000000000000000000000000000000000000000000000000000000000000000000000000000000000000
00000000000000000000000000000000000000000000000000000000000000000000000000000000000000000000000000000000000000000000000000000000
00000000000000000000000000000000000000000000000000000000000000000000000000000000000000000000000000000000000000000000000000000000
00000000000000000000000000000000000000000000000000000000000000000000000000000000000000000000000000000000000000000000000000000000
00000000000000000000000000000000000000000000000000000000000000000000000000000000000000000000000000000000000000000000000000000000
00000000000000000000000000000000000000000000000000000000000000000000000000000000000000000000000000000000000000000000000000000000
00000000000000000000000000000000000000000000000000000000000000000000000000000000000000000000000000000000000000000000000000000000
00000000000000000000000000000000000000000000000000000000000000000000000000000001000000000000000000000000000000000000000000000000
00000000000000000000000000000000000000000000000000000000000000000000000000000001000000000000000000000000000000000000000000000000
00000000000000000000000000000000000000000000000000000000000000000000000000000011000000000000000000000000000000000000000000000000
00000000000000000000000000000000000000000000000000000000000000000000000000001011111100000000000000000000000000000000000000000000
00000000000000000000000000000000000000000000000000000000000000000000000000001111111110000000000000000000000000000000000000000000
00000000000000000000000000000000000000000000000000000000000000000000000000000111111110000000000000000000000000000000000000000000
00000000000000000000000000000000000000000000000000000000000000000000000000000111111110000000000000000000000000000000000000000000
00000000000000000000000000000000000000000000000000000000000000000000000000000111101110000000000000000000000000000000000000000000
00000000000000000000000000000000000000000000000000000000000000000000000000000011100000000000000000000000000000000000000000000000
00000000000000000000000000000000000000000000000000000000000000000000000000000011110000000000000000000000000000000000000000000000
00000000000000000000000000000000000000000000000000000000000000000000000000000111111000000000000000000000000000000000000000000000
00000000000000000000000000000000000000000000000000000000000000000000000000000000010000000000000000000000000000000000000000000000
00000000000000000000000000000000000011100000001000000000010000000000000000000001000000000000000000000000000000000000000000000000
00000000000000000000000000000000001001111011101110000000010000000000000000000001100000000000000000000000000000000000000000000000
00000000000000000000000000000001110011001000100111011101110000000000000000000000000000000000000000000000000000000000000000000000
00000000000000000000000000000001111111111000111011111101011100000000000000000000000000000000000000000000000000000000000000000000
00000000000000000000000000000011111111111111111111111110011111000000000000000000000000000000000000000000000000000000000000000000
00000000000000000000000000001011111111111111111111111111111111110000000000000000000000000000000000000000000000000000000000000000
00000000000000000000000000001111111111111111111111111111111111111000111000000000000000000000000000000000000000000000000000000000
00000000000000000000000000000101111111111111111111111111111111110011111010000000000000000000000000000000000000000000000000000000
00000000000000000000000000001101111111111111111111111111111111111111100011000000000000000000000000000000000000000000000000000000
00000000000000000000000000001110111111111111111111111111111111111111111110000000000000000000000000000000000000000000000000000000
00000000000000000000000000000111111111111111111111111111111111111111111110000000000000000000000000000000000000000000000000000000
00000000000000000000000000000110111111111111111111101111111111111111111100000000000000000000000000000000000000000000000000000000
00000000000000000000000000001111011111111111111111101111111111111111111000000000000000000000000000000000000000000000000000000000
00000000000000000000000000011101111111111111111001101110111111111111000000000000000000000000000000000000000000000000000000000000
00000000000000000000000000011101011111111111111101001100111111111111000000000000000000000000000000000000000000000000000000000000
00000000000000000000000000001110111111111111111101100010111111111110000000000000000000000000000000000000000000000000000000000000
00000000000000000000000000000111111111111110000000000000001110111111000000000000000000000000000000000000000000000000000000000000
00000000000000000000000000000111111101111100000000000000001100111110000000000000000000000000000000000000000000000000000000000000
00000000000000000000000000000111111001110000000000000000000000110000000000000000000000000000000000000000000000000000000000000000
00000000000000000000000000011110101101100000000000000000000000001000000000000000000000000000000000000000000000000000000000000000
00000000000000000000000000001110001001000000000000000000000000000000000000000000000000000000000000000000000000000000000000000000
00000000000000000000000000001111101100000000000000000000000000000000000000000000000000000000000000000000000000000000000000000000
00000000000000000000000000000111101110000000000000000000000000000000000000000000000000000000000000000000000000000000000000000000
00000000000000000000000000001111000000000000000000000000000000000000000000000000000000000000000000000000000000000000000000000000
00000000000000000000000000000011111100000000000000000000000000000000000000000000000000000000000000000000000000000000000000000000
00000000000000000000000000000011110000000000000000000000000000000000000000000000000000000000000000000000000000000000000000000000
00000000000000000000000000000001010000000000000000000000000000000000000000000000000000000000000000000000000000000000000000000000
00000000000000000000000000000000010000000000000000000000000000000000000000000000000000000000000000000000000000000000000000000000
00000000000000000000000000000000000000000000000000000000000000000000000000000000000000000000000000000000000000000000000000000000
00000000000000000000000000000000000000000000000000000000000000001000000000000000000000000000000000000000000000000000000000000000
00000000000000000000000000000000000000000000000000000000000001010000000000000000000000000000000000000000000000000000000000000000
00000000000000000000000000000000000000000000000000000000000001111111000000000000000000000000000000000000000000000000000000000000
00000000000000000000000000000000000000000000000000000000000000001110000000000000000000000000000000000000000000000000000000000000
00000000000000000000000000000000000000000000000000000000000000011110000000000000000000000000000000000000000000000000000000000000
00000000000000000000000000000000000000000000000000000000000000111111100000000000000000000000000000000000000000000000000000000000
00000000000000000000000000000000000000000000000000000000000000111111100000000000000000000000000000000000000000000000000000000000
00000000000000000000000000000000000000000000000000000000000010111111111010000000000000000000000000000000000000000000000000000000
00000000000000000000000000000000000000000000000000000000000001111111111110000000000000000000000000000000000000000000000000000000
00000000000000000000000000000000000000000000000000000000000011111111111111100000000000000000000000000000000000000000000000000000
00000000000000000000000000000000000000000000000000000000000111111111111111100000000000000000000000000000000000000000000000000000
00000000000000000000000000000000000000000000000000000000001101111111111111110000000000000000000000000000000000000000000000000000
00000000000000000100000000000000000000000000000000000000001010111111111011100100000000000000000000000000000000000000000000000000
00000000000000000000000000000000000000000000000000000000001000111111111010000000000000000000000000000000000000000000000000000000
00000000000000001110000000000000000000000000000000000000001110111010101000000000000000000000000000000000000000000000000000000000
00000000000000111110000000000000000000000000000000000000000010101010000000000000000000000000000000000000000000000000000000000000
00000000000000001110000000000000000000000000000000000000001110000011000000000000000000000000000000000000000000000000000000000000
00000000000000001110111000000000000000001000000100000000000000000000000000000000000000000000000000000000000000000000000000000000
00000000000000011111111000000000000000001101001100000000000000000000000000000000000000000000000000000000000000000000000000000000
00000000000000001111111001000000100010000111111110111100000000000000000000000000000000000000000000000000000000000000000000000000
00000000000000001111111111110110111111001111111111111100000000000000000000000000000000000000000000000000000000000000000000000000
00000000000000000111111111111111111111111111111111111100000000000000000000000000000000000000000000000000000000000000000000000000
00000000000011101111111111111111111111111111111111111100000000000000000000000000000000000000000000000000000000000000000000000000
00000000000010101111111111111111111111111111111111111000000000000000000000000000000000000000000000000000000000000000000000000000
00000000000111111111111111111111111111111111111111111110000000000000000000000000000000000000000000000000000000000000000000000000
00000000000000001111111111111111111111111111111111111110000000000000000000000000000000000000000000000000000000000000000000000000
00000000000000011111111111111111111111111111111111111111000000000000000000000000000000000000000000000000000000000000000000000000
00000000000000111111111111111111111111111111111111111111000000000000000000000000000000000000000000000000000000000000000000000000
00000000000000011111111111111111111111111111111111111110000000000000000000000000000000000000000000000000000000000000000000000000
00000000000000111111111111111111111111111111111111111101100000000000000000000000000000000000000000000000000000000000000000000000
00000000000000001111111111111111111111111111111111111000110000000000000000000000000000000000000000000000000000000000000000000000
00000000000000001111111111111111111111111111111111111000000000000000000000000000000000000000000000000000000000000000000000000000
00000000000000001111111111111111111111111111111111110000000000000000000000000000000000000000000000000000000000000000000000000000
00000000000000111111111111111111111111111111111111100000000000000000000000000000000000000000000000000000000000000000000000000000
00000000000001111111111111111111111111111111111111000000000000000000000000000000000000000000000000000000000000000000000000000000
00000000000001111111111111111111111111111111111111100000000000000000000000000000000000000000000000000000000000000000000000000000
00000000000000111111111111111111111111111111110010000000000000000000000000000000000000000000000000000000000000000000000000000000
00000000000000111111111111111111111111111111110000000000000000000000000000000000000000000000000000000000000000000000000000000000
00000000000001111111111111111111111111111111100000000000000000000000000000000000000000000000000000000000000000000000000000000000
00000000000001111111111111111111111111111111100000000000000000000000000000000000000000000000000000000000000000000000000000000000
00000000000001111111111111111111111111111011100000000000000000000000000000000000000000000000000000000000000000000000000000000000
00000000000001111111111111111111111111111000100000000000000000000000000000000000000000000000000000000000000000000000000000000000
00000000000001111111111111111111111111100000000000000000000000000000000000000000000000000000000000000000000000000000000000000000
00000000000000111111111111111111111110000000000000000000000000000000000000000000101000000000000000000000000000000000000000000000
00000000000000011111111110111111101001000000000000000000000000000000000000000011100000000000000000000000000000000000000000000000
00000000000000011111111110111110000000000000000000000000000000000000000000000000011000000000000000000000000000000000000000000000
00000000000000001111101000000000000000000000000000000000000000000000000000000000000000000000000000000000000000000000000000000000
00000000000000000000110000000000000000000000000000000000000000000000000000000000010000000000000000000000000000000000000000000000
00000000000000000000001100000000000000000000000000000000000000000000000000000000110000000000000000000000000000000000000000000000
00000000000000000000000000000000000000000000000000000000000000000000000000000000111100000000000000000000000000000000000000000000
00000000000000000000000000000000000000000000000000000000000000000000000000000000000000000000000000000000000000000000000000000000
00000000000000000000000000000000000000000000000000000000000000000000000000000000000000000000000000000000000000000000000000000000
00000000000000000000000000000000000000000000000000000000000000000000000000000000000000000000000000000000000000000000000000000000
00000000000000000000000000000000000000000000000000000000000000000000000000000000000000000000000000000000000000000000000000000000
00000000000000000000000000000000000000000000000000000000000000000000000000000000000000000000000000000000000000000000000000000000
00000000000000000000000000000000000000000000000000000000000000000000000000000000000000000000000000000000000000000000000000000000
00000000000000000000000000000000000000000000000000000000000000000000000000000000000000000000000000000000000000000000000000000000
00000000000000000000000000000000000000000000000000000000000000000000000000000000000000000000000000000000000000000000000000000000
00000000000000000000000000000000000000000000000000000000000000000000000000000000000000000000000000000000000000000000000000000000
