0000000000000000000000000000000000000000000000000000000000000000
000000000000003330000300100000000000000000011000000000000
00000000000033333100003330000000000000000110000000000
000000000000223311003330000001110000000010000000000
000000000022222210033300000011111111100000000
0000000000222223113300000000000021210010000000000
00000000000022233110033300000033002100000000000000
00000000000012223300000013003300000000300000000000000
0000000044111100000000000033333000030000000000000000
0000004440043220010000001333000000000000000000000000
000024000043333000000000000333333333000000000000
00000000000033343300000000333330000000000000000000000
00000000000000333433300000000333300000000000000000000
0000000033333440040000000000000033333320000000000
00000000330033400000000000000000000000000330020000000000
00000000300000000400000000400002000000000000000020000000000
0000000000000000000000000000004300000000000000000020000000000
000000000000000000002440000003000000000000000000000000000000
0000000000000000222004003400002244440000000000000000
000000000000000021243344000022444400000044000000
0000000000000000211433440022444440000444000000
0000000000000000211433333222444444444000000
0000000000200001114400003300002444444444000000
003003000000000000000000003300002200444433333300
000000000000000000000000000000000000002004400333333300
0000000000000000111000000000000000020044433300003300
00000000000000001100330000000000002004440000000000000000
0000000000000011100300000000000000000042211000000000000
00000000000000000010000000000000000000000422100000000000000
000000000000000000000000000000000000000000422100000000000000
00000000000000000000000000000000000000004400000000000000000000
0000000000000000000000000000000000000000000000000000000000000000
